3
3
24
27
29
38
41
42
76
94
128
143
143
149
156
163
172
173
189
198
203
211
216
222
228
231
234
242
250
277
278
284
290
291
295
296
309
325
327
343
359
363
365
374
379
381
388
393
395
409
417
419
420
423
426
428
439
456
459
467
488
494
495
497
497
499
499
502
510
531
535
543
544
545
564
565
566
576
587
594
614
614
617
628
629
640
640
646
647
649
668
673
674
678
683
683
685
690
692
696
709
709
736
742
743
753
755
762
765
767
767
779
782
788
802
807
812
813
822
824
826
837
843
871
873
886
890
902
908
916
936
945
951
958
968
970
993
998
1000
1008
1010
1019
1020
1022
1045
1053
1054
1055
1059
1064
1082
1084
1087
1100
1107
1109
1122
1125
1127
1145
1148
1165
1179
1186
1237
1259
1272
1279
1281
1291
1298
1307
1309
1328
1362
1383
1388
1390
1394
1396
1401
1401
1406
1428
1434
1437
1441
1446
1448
1462
1472
1487
1496
1509
1512
1526
1544
1551
1584
1592
1595
1597
1597
1600
1600
1609
1621
1624
1630
1634
1634
1642
1646
1660
1661
1661
1669
1669
1674
1679
1681
1683
1687
1701
1712
1726
1750
1782
1784
1792
1793
1795
1834
1849
1869
1873
1886
1888
1900
1910
1912
1922
1923
1927
1938
1965
1970
1981
1985
1997
1999
2008
2017
2018
2026
2032
2039
2045
2053
2058
2066
2070
2074
2074
2077
2077
2098
2104
2110
2135
2140
2151
2156
2159
2165
2166
2171
2173
2185
2202
2217
2223
2230
2234
2241
2244
2251
2257
2272
2273
2280
2287
2289
2294
2326
2331
2331
2333
2363
2368
2369
2377
2379
2383
2391
2400
2406
2408
2416
2444
2451
2453
2457
2476
2526
2527
2530
2546
2547
2551
2561
2563
2566
2569
2569
2577
2584
2588
2595
2597
2603
2616
2620
2632
2635
2636
2644
2655
2661
2662
2663
2676
2682
2691
2732
2738
2746
2752
2756
2762
2764
2771
2777
2779
2785
2787
2788
2800
2815
2824
2849
2852
2853
2859
2861
2874
2874
2888
2888
2894
2902
2902
2910
2912
2916
2916
2925
2932
2936
2937
2948
2950
2965
2968
2968
2978
2982
2983
2989
2995
3008
3040
3043
3046
3057
3067
3072
3074
3076
3077
3086
3098
3111
3138
3156
3159
3160
3167
3176
3185
3191
3191
3194
3196
3198
3200
3204
3206
3212
3228
3247
3251
3253
3254
3254
3260
3264
3268
3285
3292
3294
3296
3306
3314
3316
3317
3318
3331
3370
3373
3376
3385
3393
3396
3408
3414
3426
3436
3439
3442
3444
3451
3462
3468
3486
3491
3499
3503
3509
3522
3529
3540
3555
3557
3572
3580
3581
3607
3611
3614
3619
3633
3638
3642
3649
3650
3659
3666
3676
3696
3699
3714
3719
3722
3723
3726
3731
3736
3751
3756
3777
3781
3784
3787
3798
3799
3799
3806
3808
3808
3810
3816
3825
3831
3857
3859
3877
3897
3907
3909
3925
3967
3967
3969
3975
3984
3985
4001
4011
4033
4035
4045
4056
4061
4069
4075
4078
4090
4093
4097
4107
4112
4115
4121
4144
4192
4223
4226
4234
4241
4242
4253
4274
4279
4287
4287
4299
4302
4303
4313
4313
4314
4319
4325
4340
4361
4373
4374
4377
4387
4387
4394
4395
4410
4410
4420
4424
4433
4445
4451
4457
4464
4477
4477
4478
4486
4496
4498
4502
4513
4526
4527
4542
4542
4543
4551
4552
4558
4580
4582
4586
4588
4595
4599
4606
4606
4614
4617
4619
4631
4652
4661
4662
4666
4668
4670
4674
4680
4710
4728
4734
4747
4750
4754
4755
4762
4770
4776
4783
4788
4798
4806
4814
4839
4839
4841
4848
4854
4859
4860
4875
4876
4878
4903
4905
4908
4923
4933
4934
4964
4974
4975
4984
4990
4997
5005
5007
5017
5023
5037
5040
5050
5052
5054
5070
5073
5074
5074
5078
5087
5100
5112
5114
5115
5128
5138
5140
5142
5148
5154
5181
5194
5206
5212
5230
5241
5248
5250
5256
5260
5271
5272
5280
5284
5289
5293
5311
5312
5313
5328
5329
5330
5343
5359
5360
5367
5368
5372
5377
5410
5414
5419
5424
5426
5427
5451
5460
5491
5497
5504
5532
5533
5536
5546
5548
5552
5553
5572
5574
5574
5590
5595
5614
5614
5616
5622
5625
5634
5641
5643
5650
5657
5657
5670
5683
5691
5692
5703
5704
5705
5713
5714
5716
5716
5719
5724
5726
5747
5749
5756
5770
5790
5797
5803
5806
5815
5815
5822
5824
5846
5855
5860
5862
5872
5884
5887
5894
5897
5918
5923
5943
5946
5952
5958
5960
5984
5992
6002
6005
6007
6023
6037
6038
6047
6050
6060
6062
6063
6064
6076
6076
6085
6085
6088
6088
6091
6097
6098
6098
6103
6113
6121
6128
6134
6140
6155
6157
6180
6183
6212
6213
6232
6266
6266
6266
6271
6278
6298
6318
6333
6337
6344
6345
6352
6364
6364
6367
6374
6386
6399
6400
6406
6412
6412
6424
6427
6459
6465
6468
6470
6476
6477
6489
6496
6498
6512
6514
6518
6524
6535
6560
6560
6561
6573
6574
6600
6600
6621
6628
6640
6644
6647
6671
6680
6686
6696
6701
6701
6707
6711
6755
6758
6771
6774
6779
6781
6794
6823
6843
6867
6870
6882
6883
6894
6901
6914
6922
6933
6941
6941
6943
6943
6943
6943
6960
6967
6970
6972
6980
6980
6989
6989
6995
7023
7044
7045
7053
7068
7089
7091
7091
7100
7110
7114
7118
7121
7135
7153
7157
7162
7169
7191
7191
7211
7218
7224
7226
7235
7244
7246
7252
7260
7265
7276
7289
7295
7325
7335
7372
7377
7383
7387
7397
7401
7404
7426
7460
7463
7472
7476
7481
7484
7485
7495
7503
7519
7526
7547
7553
7558
7559
7564
7569
7583
7608
7609
7613
7630
7632
7637
7659
7667
7683
7688
7690
7699
7711
7713
7716
7716
7735
7747
7788
7808
7809
7826
7835
7839
7840
7852
7874
7875
7895
7904
7907
7923
7956
7974
7987
8004
8005
8013
8013
8023
8026
8032
8036
8044
8059
8060
8063
8065
8065
8074
8084
8085
8086
8090
8092
8095
8097
8099
8101
8110
8128
8143
8157
8163
8179
8197
8208
8210
8213
8213
8227
8239
8241
8243
8247
8249
8251
8258
8264
8264
8271
8287
8306
8318
8324
8325
8328
8359
8365
8368
8369
8378
8403
8405
8414
8417
8422
8424
8425
8427
8430
8434
8442
8445
8449
8468
8476
8479
8484
8487
8495
8514
8530
8531
8535
8539
8540
8543
8544
8549
8557
8558
8565
8572
8572
8575
8578
8597
8600
8602
8629
8638
8642
8647
8648
8650
8651
8658
8660
8665
8665
8667
8668
8669
8669
8670
8681
8692
8704
8727
8727
8746
8760
8773
8782
8788
8798
8802
8821
8824
8830
8841
8860
8877
8880
8882
8898
8915
8916
8920
8924
8927
8928
8934
8950
8977
8982
8999
9004
9009
9012
9032
9052
9058
9060
9072
9073
9081
9098
9101
9106
9108
9117
9120
9122
9126
9131
9137
9146
9152
9153
9159
9164
9167
9175
9206
9219
9231
9249
9268
9284
9286
9305
9311
9313
9320
9320
9320
9327
9338
9343
9346
9351
9360
9360
9363
9381
9387
9399
9401
9424
9426
9431
9432
9442
9446
9457
9460
9469
9486
9495
9505
9514
9520
9526
9535
9543
9544
9545
9546
9546
9547
9551
9558
9568
9569
9576
9577
9606
9623
9626
9627
9635
9646
9649
9674
9674
9675
9677
9687
9724
9730
9753
9756
9758
9762
9768
9770
9772
9787
9797
9805
9807
9810
9812
9823
9829
9836
9839
9854
9857
9859
9869
9875
9886
9891
9895
9901
9905
9907
9913
9916
9919
9926
9933
9945
9953
9962
9968
9984
9989
10003
10009
10030
10031
10040
10047
10051
10065
10069
10076
10083
10090
10091
10096
10117
10131
10136
10150
10189
10197
10199
10210
10219
10220
10239
10249
10254
10256
10268
10281
10290
10299
10323
10329
10334
10345
10347
10348
10363
10364
10380
10381
10383
10386
10389
10395
10413
10422
10433
10439
10460
10488
10492
10500
10508
10531
10536
10536
10556
10561
10568
10571
10585
10588
10591
10593
10612
10615
10638
10653
10664
10666
10672
10687
10694
10701
10705
10706
10718
10753
10755
10761
10767
10768
10774
10782
10786
10786
10790
10796
10810
10811
10816
10823
10836
10843
10845
10852
10877
10888
10901
10904
10907
10929
10932
10936
10941
10947
10948
10952
10957
10974
10981
11002
11018
11019
11028
11028
11038
11051
11055
11071
11075
11088
11088
11094
11108
11110
11112
11115
11123
11129
11130
11135
11137
11145
11155
11162
11168
11168
11169
11175
11213
11214
11217
11228
11234
11237
11238
11243
11243
11268
11273
11276
11284
11284
11285
11289
11303
11304
11324
11327
11328
11329
11335
11338
11350
11351
11352
11374
11375
11380
11385
11388
11399
11423
11427
11443
11454
11457
11471
11473
11473
11481
11486
11488
11488
11496
11497
11499
11516
11523
11531
11548
11554
11565
11583
11584
11584
11599
11601
11609
11611
11625
11628
11629
11639
11658
11660
11671
11682
11685
11698
11708
11741
11741
11743
11760
11767
11775
11782
11800
11803
11803
11807
11809
11809
11817
11829
11831
11834
11836
11850
11857
11876
11896
11902
11905
11915
11916
11920
11926
11948
11949
11952
11961
11969
11974
11977
11978
11986
11988
11998
12002
12006
12013
12017
12019
12020
12024
12035
12037
12040
12040
12040
12046
12068
12070
12071
12078
12089
12094
12098
12105
12130
12141
12154
12156
12165
12172
12196
12196
12197
12205
12209
12213
12220
12220
12227
12227
12232
12238
12245
12254
12289
12300
12305
12305
12321
12325
12357
12360
12363
12373
12382
12402
12409
12412
12426
12433
12449
12461
12465
12465
12466
12473
12491
12492
12525
12529
12535
12537
12545
12551
12551
12563
12581
12586
12598
12605
12610
12625
12652
12660
12664
12671
12685
12687
12693
12694
12703
12715
12717
12721
12740
12748
12758
12771
12772
12779
12785
12789
12791
12804
12817
12823
12831
12860
12866
12887
12888
12895
12906
12912
12917
12924
12934
12944
12944
12947
12962
12968
12970
12986
12989
12992
12995
13004
13012
13027
13028
13046
13046
13051
13054
13066
13067
13071
13083
13086
13088
13123
13129
13134
13138
13144
13145
13146
13153
13154
13167
13177
13183
13198
13203
13216
13217
13223
13228
13270
13282
13310
13313
13316
13321
13345
13348
13349
13350
13353
13355
13356
13357
13361
13371
13373
13379
13384
13389
13391
13391
13399
13402
13412
13416
13418
13421
13435
13445
13446
13450
13456
13461
13474
13480
13488
13496
13501
13513
13518
13531
13535
13558
13565
13573
13576
13581
13584
13584
13585
13593
13594
13596
13608
13608
13626
13631
13637
13650
13653
13653
13664
13667
13668
13673
13676
13680
13694
13738
13743
13753
13754
13756
13756
13763
13764
13767
13771
13797
13822
13822
13859
13864
13868
13877
13900
13906
13909
13910
13940
13944
13948
13963
13966
13975
13982
13994
14005
14008
14018
14021
14029
14050
14051
14051
14064
14066
14072
14077
14094
14098
14100
14106
14110
14126
14132
14139
14146
14150
14158
14174
14177
14200
14219
14223
14237
14252
14259
14259
14260
14265
14265
14266
14280
14284
14303
14312
14314
14318
14320
14326
14329
14331
14335
14340
14351
14359
14370
14375
14385
14396
14398
14409
14411
14412
14414
14463
14477
14486
14496
14497
14501
14504
14520
14520
14524
14532
14537
14539
14547
14563
14564
14576
14603
14612
14625
14629
14633
14651
14664
14681
14685
14688
14694
14707
14713
14725
14732
14732
14750
14750
14753
14757
14759
14773
14776
14776
14777
14780
14799
14816
14821
14845
14845
14845
14851
14876
14882
14888
14891
14894
14901
14934
14939
14940
14957
14959
14974
14976
14999
15004
15015
15017
15020
15023
15031
15056
15072
15081
15084
15085
15089
15093
15096
15101
15108
15127
15129
15132
15133
15150
15166
15167
15172
15198
15203
15210
15216
15216
15218
15220
15263
15263
15268
15268
15284
15288
15292
15295
15295
15312
15315
15318
15331
15332
15336
15339
15351
15354
15359
15367
15376
15386
15416
15418
15419
15422
15447
15452
15460
15466
15468
15473
15500
15516
15527
15533
15534
15538
15539
15541
15548
15571
15574
15579
15589
15596
15612
15618
15620
15644
15644
15650
15660
15676
15680
15692
15697
15702
15713
15726
15730
15733
15734
15739
15804
15822
15832
15833
15842
15848
15865
15872
15880
15884
15894
15898
15900
15907
15917
15933
15937
15941
15944
15944
15947
15953
15955
15977
15977
15983
15985
15992
16000
16009
16023
16029
16031
16033
16037
16040
16062
16064
16070
16076
16077
16077
16080
16080
16081
16091
16093
16105
16109
16132
16136
16144
16174
16187
16193
16195
16201
16212
16227
16252
16256
16272
16282
16284
16291
16303
16307
16308
16315
16320
16324
16329
16330
16342
16342
16343
16347
16349
16353
16356
16364
16372
16375
16379
16384
16386
16394
16400
16415
16428
16428
16430
16432
16436
16442
16457
16458
16460
16462
16467
16481
16497
16517
16529
16542
16555
16561
16569
16573
16575
16584
16585
16603
16605
16612
16615
16623
16637
16656
16662
16670
16672
16679
16679
16690
16703
16715
16715
16727
16729
16729
16733
16761
16772
16781
16785
16786
16789
16792
16816
16816
16833
16833
16838
16866
16888
16894
16895
16899
16903
16910
16911
16914
16924
16933
16933
16937
16948
16955
16956
16971
16979
17002
17003
17005
17020
17023
17027
17029
17031
17040
17050
17055
17058
17058
17064
17070
17072
17075
17078
17082
17086
17090
17091
17099
17103
17111
17118
17123
17127
17144
17169
17176
17181
17184
17202
17210
17238
17243
17252
17255
17256
17272
17278
17290
17292
17294
17296
17300
17306
17320
17321
17334
17336
17338
17357
17395
17417
17453
17462
17466
17470
17473
17487
17493
17495
17499
17522
17529
17538
17542
17552
17552
17554
17557
17602
17624
17629
17638
17644
17645
17652
17661
17664
17666
17667
17670
17672
17675
17677
17688
17690
17695
17713
17725
17727
17730
17736
17774
17785
17786
17791
17794
17798
17814
17816
17816
17826
17841
17862
17871
17872
17872
17895
17898
17899
17907
17920
17925
17944
17951
17952
17955
17958
17965
17967
17971
17982
17985
17992
17992
17998
18001
18001
18007
18040
18060
18080
18083
18087
18090
18094
18110
18111
18114
18115
18118
18119
18126
18127
18136
18142
18162
18168
18173
18182
18192
18208
18230
18231
18234
18241
18252
18253
18258
18263
18289
18291
18298
18301
18305
18314
18326
18331
18332
18340
18350
18382
18386
18390
18391
18398
18401
18415
18421
18424
18430
18460
18461
18489
18489
18491
18496
18498
18511
18513
18523
18540
18543
18554
18571
18582
18607
18626
18641
18642
18650
18659
18672
18676
18682
18683
18692
18700
18701
18704
18726
18731
18733
18735
18736
18736
18745
18750
18760
18765
18779
18788
18792
18801
18822
18831
18840
18850
18851
18852
18854
18870
18870
18874
18879
18894
18908
18908
18927
18929
18931
18952
18954
18957
18962
18965
18967
18975
18983
18983
18985
18997
18999
19010
19013
19014
19017
19024
19071
19079
19085
19104
19111
19118
19122
19130
19132
19141
19159
19160
19163
19170
19177
19185
19232
19253
19259
19260
19262
19270
19287
19334
19347
19349
19368
19377
19379
19382
19388
19394
19395
19400
19419
19430
19439
19460
19462
19478
19488
19492
19499
19506
19517
19519
19526
19533
19534
19534
19539
19540
19557
19565
19586
19593
19599
19604
19609
19611
19627
19632
19640
19644
19649
19675
19689
19714
19716
19720
19724
19729
19740
19743
19745
19765
19785
19791
19792
19797
19808
19826
19831
19833
19851
19851
19853
19871
19879
19881
19884
19886
19907
19913
19923
19925
19938
19943
19965
19976
19979
20000
20010
20012
20019
20026
20031
20034
20038
20041
20044
20046
20050
20051
20053
20056
20066
20067
20072
20080
20105
20107
20113
20117
20131
20134
20136
20138
20146
20152
20156
20161
20161
20168
20173
20176
20188
20192
20196
20199
20226
20235
20246
20258
20261
20286
20295
20300
20312
20314
20322
20326
20332
20352
20353
20367
20376
20377
20403
20408
20440
20458
20466
20475
20476
20480
20486
20498
20500
20518
20559
20581
20592
20611
20637
20653
20662
20665
20681
20707
20712
20715
20731
20731
20735
20740
20744
20745
20753
20755
20763
20766
20774
20779
20793
20796
20799
20803
20805
20809
20821
20840
20844
20848
20875
20876
20877
20881
20904
20908
20916
20919
20922
20931
20937
20951
20985
20992
21047
21048
21056
21071
21076
21078
21079
21101
21104
21110
21122
21130
21143
21166
21168
21174
21177
21193
21201
21206
21218
21220
21232
21245
21256
21261
21266
21268
21280
21291
21324
21326
21326
21329
21343
21344
21350
21354
21363
21368
21374
21388
21388
21404
21405
21436
21484
21484
21488
21488
21490
21491
21493
21497
21502
21508
21514
21539
21543
21546
21556
21560
21574
21581
21588
21589
21593
21609
21610
21616
21616
21650
21652
21654
21660
21667
21673
21680
21695
21710
21713
21730
21730
21739
21747
21751
21762
21764
21775
21780
21780
21783
21784
21787
21794
21796
21804
21806
21817
21839
21840
21852
21855
21856
21860
21874
21885
21893
21905
21919
21930
21940
21951
21957
21958
21973
21986
21993
21995
21996
21996
22008
22008
22013
22013
22016
22024
22031
22040
22046
22047
22052
22055
22058
22066
22071
22082
22122
22131
22133
22145
22146
22156
22156
22162
22163
22170
22182
22188
22217
22217
22227
22242
22243
22250
22254
22263
22275
22284
22286
22295
22299
22305
22325
22332
22347
22360
22366
22376
22391
22413
22420
22424
22426
22427
22427
22427
22436
22443
22444
22449
22454
22464
22464
22464
22467
22470
22476
22481
22485
22493
22493
22504
22508
22509
22510
22514
22517
22539
22550
22554
22573
22582
22587
22588
22610
22611
22628
22634
22641
22642
22651
22658
22663
22666
22669
22672
22672
22681
22683
22718
22727
22746
22756
22761
22773
22781
22784
22785
22794
22795
22805
22812
22812
22819
22822
22825
22833
22843
22853
22871
22873
22884
22896
22908
22918
22933
22937
22945
22954
22956
22969
22978
22978
22994
23010
23018
23035
23039
23042
23043
23043
23074
23085
23113
23118
23124
23141
23141
23145
23163
23172
23178
23184
23188
23189
23192
23193
23196
23203
23213
23218
23224
23242
23259
23271
23286
23289
23292
23312
23329
23336
23346
23347
23348
23349
23355
23363
23378
23385
23397
23401
23403
23418
23420
23432
23437
23440
23445
23445
23450
23454
23462
23475
23480
23481
23481
23482
23500
23517
23520
23537
23538
23548
23551
23554
23564
23572
23578
23584
23593
23595
23595
23596
23600
23628
23636
23650
23668
23671
23682
23714
23716
23718
23729
23734
23735
23737
23749
23762
23772
23785
23790
23799
23800
23810
23811
23811
23820
23833
23835
23838
23849
23854
23855
23859
23862
23862
23867
23871
23892
23896
23918
23923
23933
23937
23943
23947
23950
23959
23963
23965
23976
23984
23990
23993
23997
24000
24003
24007
24010
24011
24034
24039
24039
24043
24049
24058
24087
24097
24098
24111
24112
24126
24147
24148
24158
24160
24178
24179
24179
24182
24183
24188
24199
24217
24220
24244
24264
24265
24276
24297
24298
24302
24309
24315
24322
24328
24333
24337
24363
24364
24365
24377
24379
24401
24403
24424
24424
24431
24438
24451
24458
24462
24490
24497
24508
24525
24544
24547
24558
24559
24569
24575
24575
24579
24581
24596
24602
24611
24625
24626
24637
24637
24638
24645
24650
24657
24658
24674
24675
24693
24695
24709
24714
24726
24759
24764
24765
24772
24783
24784
24790
24798
24811
24825
24850
24860
24864
24865
24875
24893
24900
24912
24932
24948
24954
24958
24966
24975
24980
24981
24987
24993
25004
25005
25008
25010
25010
25025
25047
25059
25083
25107
25121
25121
25125
25131
25133
25149
25161
25171
25192
25200
25217
25217
25222
25236
25241
25252
25265
25267
25268
25295
25302
25309
25310
25323
25335
25339
25366
25372
25387
25388
25388
25397
25401
25402
25426
25473
25479
25480
25483
25486
25510
25514
25521
25542
25556
25566
25580
25587
25597
25608
25608
25610
25612
25640
25640
25645
25645
25649
25650
25656
25658
25660
25677
25686
25690
25692
25696
25701
25714
25728
25730
25754
25755
25757
25764
25766
25778
25779
25782
25785
25794
25806
25818
25820
25838
25843
25849
25853
25861
25869
25870
25890
25901
25924
25940
25951
25955
25957
25958
25967
25971
25994
26001
26005
26008
26009
26012
26019
26029
26038
26042
26048
26049
26056
26082
26091
26095
26099
26116
26136
26136
26137
26141
26158
26161
26166
26169
26169
26178
26188
26194
26200
26214
26217
26221
26251
26253
26255
26262
26270
26277
26283
26297
26298
26298
26299
26309
26318
26326
26333
26374
26374
26375
26378
26381
26384
26392
26399
26413
26415
26421
26452
26459
26467
26483
26485
26488
26497
26503
26506
26516
26525
26535
26563
26573
26573
26576
26577
26578
26583
26585
26593
26593
26598
26623
26634
26644
26647
26652
26653
26654
26679
26681
26686
26689
26698
26702
26704
26712
26718
26720
26727
26731
26739
26751
26756
26783
26803
26806
26822
26825
26851
26869
26869
26886
26890
26895
26898
26905
26919
26926
26952
26957
26960
26963
26970
26975
26978
26989
27015
27022
27043
27049
27071
27094
27094
27096
27151
27152
27159
27172
27193
27216
27231
27239
27240
27253
27281
27283
27284
27329
27342
27345
27348
27349
27357
27378
27384
27393
27394
27403
27407
27414
27417
27435
27438
27443
27456
27459
27459
27460
27465
27467
27470
27475
27496
27499
27512
27524
27530
27551
27559
27561
27571
27572
27578
27589
27603
27607
27615
27617
27619
27624
27625
27645
27646
27647
27652
27654
27655
27670
27681
27689
27701
27705
27709
27712
27713
27729
27731
27738
27738
27741
27748
27749
27750
27773
27778
27780
27780
27794
27800
27805
27812
27812
27822
27837
27853
27865
27880
27881
27886
27893
27895
27897
27907
27915
27917
27943
27943
27959
27963
27967
27974
27977
27996
27999
28002
28010
28020
28021
28047
28057
28059
28064
28069
28091
28093
28098
28099
28110
28117
28125
28140
28150
28157
28168
28174
28195
28216
28219
28226
28235
28239
28240
28242
28244
28251
28257
28259
28260
28264
28267
28272
28286
28295
28302
28310
28313
28313
28338
28347
28351
28357
28360
28376
28384
28398
28399
28412
28416
28417
28427
28444
28447
28451
28451
28479
28489
28521
28540
28550
28557
28576
28577
28591
28599
28601
28611
28614
28617
28622
28633
28635
28647
28650
28659
28667
28672
28684
28695
28701
28704
28707
28726
28726
28729
28732
28746
28749
28749
28776
28782
28791
28794
28818
28819
28832
28833
28837
28843
28845
28855
28867
28881
28890
28890
28897
28919
28921
28934
28939
28939
28942
28945
28951
28968
28972
28980
28981
29002
29009
29010
29038
29039
29052
29062
29063
29073
29082
29082
29090
29091
29092
29093
29094
29104
29122
29123
29143
29149
29152
29161
29161
29170
29181
29182
29187
29187
29189
29189
29194
29199
29218
29246
29250
29253
29304
29306
29308
29315
29345
29350
29354
29355
29360
29372
29373
29375
29405
29409
29414
29419
29433
29434
29438
29439
29442
29443
29444
29447
29467
29495
29501
29513
29527
29541
29544
29553
29560
29561
29569
29570
29574
29580
29582
29583
29591
29609
29616
29637
29652
29653
29665
29681
29689
29691
29696
29701
29721
29722
29731
29751
29759
29760
29767
29789
29791
29804
29809
29813
29823
29824
29837
29838
29839
29844
29848
29852
29867
29867
29885
29886
29886
29889
29891
29891
29911
29917
29917
29920
29923
29940
29951
29957
29969
29973
29984
29996
30004
30018
30019
30035
30037
30044
30047
30052
30053
30053
30059
30066
30081
30091
30115
30119
30119
30122
30126
30130
30135
30160
30166
30173
30173
30176
30177
30178
30182
30183
30188
30191
30200
30201
30202
30207
30207
30212
30216
30216
30233
30234
30242
30242
30256
30262
30290
30292
30314
30314
30318
30325
30335
30357
30370
30373
30394
30399
30404
30408
30415
30435
30435
30435
30440
30451
30452
30463
30467
30476
30477
30489
30491
30523
30524
30533
30533
30536
30541
30547
30547
30549
30559
30586
30590
30592
30602
30608
30614
30625
30636
30637
30640
30644
30659
30665
30667
30674
30687
30691
30703
30704
30713
30727
30729
30729
30753
30757
30758
30765
30770
30772
30776
30777
30781
30790
30810
30816
30839
30839
30848
30855
30860
30862
30866
30903
30907
30920
30923
30936
30940
30955
30956
30966
31006
31007
31008
31025
31039
31057
31062
31069
31072
31076
31101
31119
31123
31126
31140
31142
31147
31163
31164
31170
31180
31186
31194
31202
31212
31216
31219
31228
31230
31233
31240
31248
31250
31262
31264
31269
31278
31291
31292
31293
31298
31301
31301
31310
31310
31316
31328
31333
31339
31343
31349
31351
31351
31368
31391
31395
31420
31428
31435
31439
31439
31440
31487
31496
31544
31549
31559
31561
31572
31585
31591
31597
31611
31612
31613
31615
31620
31627
31678
31691
31699
31713
31721
31734
31762
31764
31775
31787
31803
31811
31826
31831
31834
31837
31839
31839
31839
31841
31843
31847
31861
31862
31874
31882
31897
31916
31921
31927
31936
31937
31955
31956
31960
31979
31980
31995
32012
32014
32024
32030
32033
32041
32041
32046
32058
32061
32068
32074
32081
32084
32092
32094
32118
32122
32130
32132
32138
32162
32168
32168
32175
32183
32198
32202
32207
32215
32216
32235
32235
32248
32248
32264
32271
32279
32281
32318
32346
32346
32351
32366
32368
32368
32368
32375
32391
32393
32394
32403
32411
32429
32434
32440
32447
32457
32461
32476
32484
32486
32491
32491
32493
32494
32498
32502
32512
32515
32518
32531
32533
32536
32540
32541
32543
32563
32565
32571
32572
32586
32591
32592
32594
32601
32607
32613
32614
32633
32641
32647
32647
32651
32656
32656
32657
32659
32663
32672
32673
32690
32691
32693
32727
32732
32781
32788
32790
32797
32800
32815
32822
32823
32842
32848
32853
32854
32863
32878
32880
32884
32893
32902
32902
32903
32912
32921
32922
32940
32943
32946
32949
32959
32964
32982
32996
32999
33012
33013
33013
33018
33039
33056
33063
33068
33069
33082
33085
33087
33091
33096
33113
33120
33123
33125
33136
33142
33151
33154
33155
33155
33158
33173
33203
33211
33215
33226
33234
33237
33241
33242
33255
33262
33265
33267
33276
33297
33317
33321
33323
33326
33336
33336
33356
33372
33378
33391
33395
33398
33418
33426
33433
33435
33436
33465
33483
33484
33494
33516
33523
33535
33540
33546
33547
33548
33558
33560
33569
33593
33595
33614
33650
33663
33683
33684
33694
33712
33717
33725
33748
33755
33761
33770
33777
33781
33785
33811
33811
33814
33826
33839
33843
33869
33870
33879
33892
33907
33909
33914
33918
33923
33936
33947
33948
33953
33962
33963
33965
33971
33976
33984
33987
33991
34012
34013
34019
34049
34050
34054
34057
34069
34078
34081
34110
34111
34112
34115
34121
34129
34133
34134
34139
34146
34151
34155
34171
34181
34185
34189
34196
34215
34226
34251
34263
34269
34273
34292
34299
34302
34335
34342
34352
34352
34359
34380
34409
34416
34424
34424
34434
34436
34437
34445
34448
34459
34461
34465
34472
34473
34486
34503
34510
34522
34525
34542
34545
34549
34550
34558
34575
34620
34622
34625
34626
34628
34651
34670
34673
34676
34686
34688
34696
34705
34705
34707
34714
34728
34731
34739
34743
34750
34758
34779
34782
34830
34834
34853
34864
34867
34869
34870
34872
34874
34887
34893
34897
34897
34918
34930
34931
34933
34940
34958
34969
34975
34976
34976
34979
34980
34988
34991
34991
34999
35008
35020
35027
35034
35036
35038
35041
35044
35049
35064
35066
35066
35069
35071
35100
35123
35129
35130
35136
35169
35175
35191
35221
35224
35225
35242
35245
35263
35264
35272
35284
35302
35302
35305
35305
35327
35328
35329
35329
35330
35334
35352
35363
35372
35387
35392
35394
35412
35425
35437
35439
35460
35480
35487
35495
35498
35506
35507
35514
35515
35517
35523
35533
35539
35539
35573
35579
35582
35587
35603
35607
35614
35619
35636
35636
35638
35671
35677
35679
35690
35690
35695
35705
35716
35720
35728
35752
35765
35769
35774
35788
35793
35799
35800
35802
35810
35815
35828
35839
35850
35857
35861
35861
35874
35906
35908
35909
35911
35927
35931
35949
35959
35974
35980
35984
35986
35995
35998
35999
36006
36013
36016
36021
36025
36031
36039
36047
36048
36052
36055
36057
36060
36070
36071
36073
36073
36089
36094
36111
36114
36118
36124
36139
36145
36149
36153
36170
36170
36183
36186
36187
36192
36205
36214
36215
36241
36245
36246
36249
36266
36291
36310
36323
36323
36330
36333
36336
36340
36341
36361
36364
36365
36374
36375
36376
36381
36385
36386
36390
36399
36407
36409
36412
36412
36413
36424
36431
36435
36436
36436
36460
36464
36467
36474
36481
36494
36515
36518
36521
36529
36545
36560
36565
36577
36578
36581
36586
36591
36593
36598
36607
36612
36619
36625
36635
36647
36696
36696
36701
36708
36711
36716
36730
36732
36733
36789
36791
36799
36837
36851
36852
36856
36868
36869
36876
36885
36914
36914
36915
36918
36918
36918
36919
36926
36944
36946
36948
36948
36951
36954
36963
36967
36970
36974
36977
36985
36986
36988
36991
36996
36997
36997
37008
37030
37043
37044
37049
37058
37063
37076
37089
37095
37100
37102
37116
37117
37117
37120
37120
37126
37126
37129
37155
37155
37177
37180
37180
37213
37215
37227
37228
37231
37237
37237
37241
37249
37253
37258
37260
37271
37271
37274
37276
37282
37320
37322
37322
37344
37384
37403
37408
37414
37433
37433
37441
37448
37449
37467
37490
37513
37523
37526
37528
37534
37553
37578
37592
37599
37600
37608
37620
37630
37640
37644
37645
37646
37682
37684
37704
37716
37721
37738
37739
37746
37748
37748
37753
37759
37765
37778
37783
37790
37790
37790
37794
37807
37811
37812
37821
37829
37835
37837
37843
37848
37859
37863
37864
37864
37865
37865
37865
37873
37876
37882
37900
37902
37908
37912
37937
37942
37947
37954
37959
37966
37967
37991
37994
37995
38000
38006
38021
38037
38049
38051
38052
38073
38081
38091
38111
38111
38126
38126
38128
38132
38134
38141
38156
38158
38158
38165
38178
38197
38214
38215
38219
38222
38224
38224
38227
38243
38275
38293
38324
38327
38339
38350
38359
38369
38377
38386
38387
38396
38406
38415
38418
38426
38427
38438
38441
38455
38471
38475
38479
38484
38485
38500
38507
38512
38523
38537
38544
38547
38577
38580
38590
38607
38638
38642
38651
38660
38661
38705
38706
38709
38710
38738
38741
38746
38757
38758
38759
38783
38804
38825
38826
38832
38843
38856
38859
38861
38865
38874
38881
38894
38896
38906
38909
38925
38936
38941
38943
38944
38950
38961
38991
38996
39006
39026
39030
39033
39044
39056
39058
39060
39068
39079
39087
39087
39103
39113
39114
39117
39128
39138
39146
39148
39149
39157
39159
39171
39183
39192
39196
39202
39222
39232
39235
39251
39273
39283
39294
39295
39300
39309
39315
39331
39333
39333
39334
39335
39338
39341
39348
39372
39372
39378
39383
39400
39415
39417
39423
39446
39450
39450
39453
39467
39471
39484
39489
39497
39500
39502
39504
39526
39538
39538
39544
39554
39554
39555
39555
39556
39558
39560
39577
39580
39583
39586
39628
39634
39643
39649
39658
39659
39659
39667
39668
39682
39684
39695
39697
39702
39704
39708
39713
39723
39732
39750
39754
39754
39772
39775
39776
39787
39793
39804
39818
39822
39822
39826
39842
39866
39877
39890
39897
39900
39903
39906
39915
39922
39936
39939
39979
39983
39984
40007
40015
40029
40065
40066
40081
40084
40094
40097
40108
40113
40115
40129
40129
40130
40148
40154
40159
40177
40182
40187
40189
40193
40203
40235
40240
40254
40272
40284
40290
40292
40295
40300
40302
40307
40310
40310
40318
40321
40322
40327
40331
40351
40370
40375
40391
40391
40445
40462
40487
40495
40500
40500
40501
40503
40508
40511
40518
40525
40526
40541
40545
40556
40556
40565
40577
40588
40602
40610
40620
40630
40632
40641
40642
40646
40654
40658
40664
40665
40667
40668
40673
40687
40690
40697
40730
40732
40745
40749
40761
40768
40780
40783
40786
40796
40810
40814
40816
40817
40820
40823
40836
40857
40862
40873
40875
40877
40877
40888
40896
40906
40916
40936
40941
40951
40954
40955
40967
40975
40991
40995
41006
41009
41021
41022
41027
41030
41037
41050
41055
41057
41058
41066
41083
41083
41092
41093
41094
41107
41111
41120
41130
41132
41136
41141
41153
41162
41187
41188
41189
41215
41220
41229
41249
41253
41258
41258
41288
41289
41320
41329
41336
41337
41341
41349
41356
41357
41371
41372
41373
41386
41389
41390
41393
41394
41404
41405
41408
41422
41422
41422
41430
41432
41433
41434
41442
41451
41452
41460
41469
41472
41476
41480
41482
41483
41505
41506
41523
41541
41548
41560
41580
41604
41606
41606
41614
41618
41629
41648
41655
41656
41669
41679
41679
41685
41686
41693
41703
41718
41729
41729
41732
41759
41761
41778
41782
41785
41793
41808
41809
41823
41838
41845
41849
41860
41861
41863
41864
41868
41883
41898
41911
41912
41918
41925
41947
41948
41954
41956
41968
41981
41985
41993
41994
41994
42006
42026
42028
42037
42045
42047
42051
42058
42079
42086
42092
42097
42098
42100
42130
42136
42148
42153
42156
42164
42166
42168
42169
42174
42175
42182
42183
42191
42192
42198
42199
42199
42207
42211
42249
42252
42255
42278
42293
42300
42303
42309
42318
42322
42325
42343
42352
42362
42372
42374
42388
42401
42420
42425
42430
42447
42462
42472
42484
42488
42524
42543
42552
42587
42605
42615
42624
42637
42671
42682
42685
42694
42709
42712
42718
42720
42750
42751
42766
42785
42792
42800
42812
42831
42874
42891
42892
42895
42900
42903
42916
42921
42931
42932
42944
42957
42958
42971
42976
42978
42979
42991
42994
42996
42998
43009
43011
43016
43018
43022
43023
43032
43039
43072
43080
43104
43111
43137
43141
43188
43193
43209
43222
43229
43234
43248
43251
43255
43256
43261
43267
43270
43278
43284
43291
43291
43296
43299
43316
43331
43332
43336
43338
43372
43373
43374
43376
43388
43391
43418
43421
43428
43430
43438
43454
43456
43489
43501
43515
43521
43522
43530
43560
43569
43583
43588
43608
43608
43611
43616
43645
43674
43714
43722
43739
43747
43760
43771
43781
43788
43791
43797
43802
43803
43815
43817
43830
43831
43848
43849
43885
43886
43887
43889
43889
43897
43911
43916
43919
43953
43953
43959
43972
43992
43997
44002
44006
44007
44012
44018
44021
44022
44031
44035
44037
44043
44046
44059
44071
44075
44077
44079
44086
44092
44097
44106
44113
44115
44129
44133
44140
44164
44166
44195
44208
44217
44222
44223
44229
44236
44237
44238
44252
44261
44272
44275
44281
44307
44308
44309
44322
44324
44326
44330
44342
44345
44346
44361
44365
44373
44374
44381
44383
44388
44400
44416
44431
44433
44446
44504
44506
44515
44517
44517
44523
44538
44540
44544
44558
44568
44569
44576
44591
44599
44600
44600
44611
44614
44615
44620
44622
44623
44630
44663
44664
44677
44701
44701
44702
44705
44717
44722
44742
44746
44749
44766
44771
44784
44788
44788
44815
44816
44818
44824
44843
44844
44860
44872
44875
44890
44896
44915
44918
44932
44935
44937
44947
44951
44952
44959
44965
44966
44967
44968
44973
44975
44976
44976
44978
44978
44983
44998
45008
45025
45033
45052
45052
45065
45081
45091
45092
45105
45116
45117
45129
45130
45133
45135
45137
45140
45174
45191
45200
45213
45219
45225
45226
45233
45234
45268
45287
45295
45327
45327
45331
45340
45343
45347
45363
45367
45374
45377
45386
45390
45408
45411
45418
45426
45439
45442
45452
45476
45486
45487
45506
45515
45532
45544
45547
45565
45566
45572
45573
45594
45595
45613
45615
45617
45624
45629
45636
45639
45642
45643
45654
45658
45663
45676
45699
45706
45712
45727
45745
45756
45762
45766
45769
45774
45775
45804
45818
45820
45821
45826
45838
45838
45845
45845
45846
45850
45856
45856
45866
45879
45881
45885
45892
45894
45905
45913
45923
45924
45928
45946
45947
45948
45952
45971
45979
45986
45986
46000
46004
46011
46017
46018
46023
46064
46074
46089
46102
46110
46114
46123
46141
46149
46159
46162
46165
46169
46170
46183
46219
46226
46229
46238
46242
46247
46251
46253
46264
46268
46284
46296
46306
46311
46313
46321
46335
46343
46355
46359
46359
46361
46364
46366
46373
46388
46403
46419
46420
46423
46439
46442
46450
46451
46452
46460
46461
46483
46495
46495
46498
46499
46501
46508
46514
46515
46528
46534
46547
46570
46570
46585
46587
46588
46590
46590
46595
46599
46603
46626
46641
46645
46646
46648
46652
46692
46706
46713
46721
46747
46749
46761
46773
46773
46775
46775
46780
46782
46784
46803
46809
46810
46815
46828
46848
46855
46879
46879
46893
46898
46900
46905
46917
46920
46976
46984
46991
47004
47015
47024
47030
47034
47042
47053
47066
47069
47070
47100
47101
47105
47114
47124
47128
47128
47146
47149
47151
47156
47160
47174
47180
47180
47223
47228
47234
47249
47256
47256
47260
47272
47288
47299
47305
47310
47311
47315
47335
47344
47347
47350
47381
47401
47410
47418
47422
47425
47433
47436
47436
47443
47461
47472
47475
47484
47495
47503
47508
47516
47516
47526
47531
47532
47541
47549
47552
47567
47574
47586
47592
47598
47603
47641
47655
47657
47664
47670
47673
47673
47679
47687
47708
47732
47747
47748
47758
47762
47776
47780
47789
47796
47805
47809
47810
47822
47825
47837
47862
47865
47866
47882
47884
47903
47903
47927
47932
47935
47949
47953
47961
47973
47974
47990
48031
48053
48056
48057
48064
48065
48081
48093
48095
48125
48131
48135
48136
48142
48157
48160
48163
48172
48172
48186
48192
48195
48195
48204
48214
48215
48217
48217
48226
48231
48242
48259
48260
48269
48269
48277
48282
48283
48303
48309
48327
48343
48346
48351
48352
48353
48357
48358
48371
48375
48377
48378
48392
48415
48418
48440
48454
48462
48462
48474
48482
48492
48493
48502
48509
48524
48528
48534
48536
48541
48543
48552
48561
48561
48561
48582
48588
48588
48624
48625
48628
48636
48650
48686
48689
48695
48698
48716
48721
48728
48742
48745
48751
48767
48767
48771
48785
48787
48807
48809
48835
48836
48837
48840
48841
48842
48847
48849
48851
48854
48857
48859
48860
48870
48878
48913
48934
48944
48949
48951
48965
48983
48986
48990
48995
49017
49022
49025
49028
49038
49053
49056
49058
49062
49068
49076
49081
49081
49094
49095
49096
49114
49120
49122
49132
49134
49138
49148
49159
49160
49167
49169
49171
49175
49182
49184
49195
49197
49217
49221
49223
49224
49237
49263
49284
49298
49311
49315
49324
49333
49340
49347
49360
49364
49372
49374
49382
49384
49388
49391
49404
49406
49406
49412
49415
49444
49459
49470
49494
49496
49499
49516
49517
49529
49530
49532
49549
49566
49573
49580
49581
49591
49600
49604
49608
49616
49629
49644
49645
49650
49658
49672
49674
49705
49710
49712
49730
49735
49791
49804
49805
49812
49834
49839
49843
49852
49858
49877
49887
49896
49897
49898
49903
49919
49921
49921
49928
49942
49945
49946
49947
49952
49970
49970
49978
49983
50001
50015
50049
50052
50066
50076
50078
50086
50094
50099
50100
50107
50107
50109
50115
50124
50125
50135
50139
50142
50154
50158
50165
50187
50187
50189
50195
50201
50205
50206
50208
50220
50221
50228
50229
50234
50237
50237
50239
50242
50242
50254
50257
50268
50270
50270
50286
50286
50298
50306
50319
50323
50324
50345
50346
50352
50363
50374
50380
50399
50425
50454
50461
50466
50466
50482
50497
50501
50519
50525
50552
50557
50558
50561
50584
50594
50597
50610
50613
50622
50630
50633
50641
50642
50653
50659
50660
50667
50675
50676
50677
50688
50689
50702
50746
50762
50776
50790
50796
50806
50808
50815
50835
50837
50850
50853
50855
50859
50863
50864
50865
50865
50866
50866
50878
50894
50909
50916
50924
50936
50939
50943
50959
50963
50963
50965
50969
50983
50986
50987
50999
51004
51007
51007
51016
51017
51020
51033
51041
51050
51076
51082
51089
51112
51119
51122
51139
51148
51158
51162
51164
51172
51175
51180
51182
51188
51212
51217
51219
51226
51228
51231
51234
51241
51243
51254
51257
51265
51270
51284
51296
51303
51304
51308
51311
51321
51326
51331
51332
51333
51342
51347
51352
51354
51364
51371
51372
51391
51405
51406
51408
51416
51434
51447
51449
51450
51460
51485
51488
51497
51497
51503
51504
51507
51507
51510
51514
51519
51520
51521
51527
51533
51534
51557
51562
51569
51588
51589
51590
51645
51646
51650
51655
51675
51679
51691
51713
51716
51728
51746
51759
51766
51776
51777
51789
51789
51790
51806
51807
51815
51816
51842
51844
51849
51852
51861
51865
51873
51890
51897
51900
51908
51909
51916
51920
51926
51944
51945
51946
51949
51958
51961
51967
51984
51989
52003
52021
52028
52034
52037
52037
52050
52075
52094
52108
52131
52131
52135
52155
52157
52164
52166
52167
52179
52184
52186
52197
52200
52203
52220
52237
52275
52285
52288
52293
52294
52300
52304
52313
52320
52321
52322
52326
52327
52330
52343
52344
52349
52350
52351
52352
52356
52357
52357
52374
52375
52376
52377
52378
52379
52380
52380
52380
52401
52434
52440
52450
52452
52469
52471
52486
52491
52494
52497
52497
52517
52517
52522
52524
52526
52527
52532
52565
52577
52586
52608
52610
52621
52632
52635
52636
52640
52641
52645
52647
52650
52673
52675
52678
52684
52684
52693
52695
52700
52712
52719
52730
52751
52751
52756
52757
52765
52782
52790
52792
52833
52842
52852
52867
52868
52869
52871
52872
52900
52901
52904
52922
52924
52929
52935
52942
52947
52951
52952
52976
52989
52992
53000
53041
53052
53056
53058
53064
53066
53071
53082
53083
53092
53094
53105
53112
53112
53118
53121
53133
53142
53166
53166
53172
53178
53187
53205
53208
53213
53215
53218
53228
53230
53249
53258
53265
53272
53274
53286
53309
53335
53335
53347
53355
53368
53368
53369
53375
53386
53432
53448
53459
53470
53477
53483
53498
53522
53536
53548
53554
53564
53576
53589
53594
53601
53601
53632
53655
53668
53673
53678
53679
53682
53685
53685
53717
53719
53757
53766
53768
53769
53774
53792
53795
53796
53807
53811
53815
53839
53855
53856
53862
53892
53899
53900
53900
53903
53911
53915
53922
53926
53927
53929
53931
53940
53965
53967
53969
53980
53983
53988
53989
53990
53991
54004
54009
54009
54015
54016
54017
54032
54051
54053
54054
54059
54061
54082
54084
54086
54091
54091
54092
54114
54118
54126
54133
54145
54153
54160
54194
54196
54240
54242
54243
54250
54251
54253
54256
54257
54259
54267
54268
54296
54311
54317
54333
54334
54349
54354
54355
54363
54365
54373
54397
54397
54410
54411
54414
54418
54422
54427
54445
54446
54458
54466
54469
54477
54480
54495
54505
54506
54510
54514
54514
54522
54529
54535
54541
54560
54563
54575
54582
54587
54597
54598
54603
54610
54617
54623
54624
54634
54638
54651
54652
54669
54670
54677
54683
54685
54691
54693
54695
54700
54702
54710
54713
54714
54715
54725
54758
54764
54777
54782
54783
54786
54790
54802
54810
54822
54827
54831
54838
54848
54851
54852
54865
54868
54871
54880
54886
54887
54891
54892
54897
54919
54928
54933
54943
54943
54949
54962
54983
54985
54987
55004
55005
55017
55020
55024
55026
55044
55044
55049
55056
55059
55060
55065
55068
55077
55090
55098
55099
55099
55102
55131
55140
55143
55144
55159
55161
55161
55200
55202
55203
55212
55219
55223
55224
55233
55233
55237
55240
55240
55240
55250
55257
55262
55266
55267
55268
55285
55285
55288
55315
55317
55323
55338
55339
55352
55356
55362
55396
55409
55416
55427
55428
55431
55432
55440
55445
55446
55449
55458
55466
55479
55479
55493
55502
55510
55512
55517
55529
55531
55536
55558
55578
55578
55581
55596
55618
55619
55625
55627
55630
55631
55635
55637
55640
55642
55650
55651
55656
55659
55662
55681
55682
55690
55692
55701
55704
55728
55734
55738
55739
55751
55783
55788
55793
55802
55802
55806
55810
55815
55819
55824
55829
55835
55835
55835
55840
55848
55892
55895
55901
55902
55934
55934
55946
55948
55962
55972
55973
55985
56012
56021
56041
56041
56056
56059
56059
56060
56071
56085
56089
56102
56114
56122
56123
56126
56129
56149
56152
56153
56155
56165
56166
56170
56174
56182
56187
56194
56196
56197
56197
56206
56209
56212
56221
56223
56242
56247
56265
56269
56273
56275
56281
56291
56298
56309
56311
56333
56339
56348
56348
56350
56371
56377
56377
56390
56413
56420
56430
56432
56437
56442
56442
56452
56460
56463
56479
56479
56490
56492
56495
56504
56524
56541
56542
56543
56546
56547
56570
56575
56577
56593
56617
56618
56620
56652
56689
56725
56730
56735
56737
56738
56744
56747
56767
56776
56779
56783
56789
56795
56811
56813
56823
56829
56831
56831
56838
56847
56847
56860
56880
56881
56891
56893
56898
56902
56909
56910
56914
56916
56938
56939
56955
56957
56965
56968
56968
56980
56981
56989
56998
57009
57010
57014
57036
57039
57055
57056
57059
57071
57071
57075
57083
57085
57093
57096
57103
57106
57109
57113
57114
57118
57133
57141
57145
57149
57154
57162
57166
57166
57182
57184
57187
57188
57189
57191
57194
57194
57198
57211
57233
57244
57246
57282
57289
57297
57327
57349
57360
57362
57377
57377
57385
57386
57389
57404
57405
57409
57424
57428
57434
57439
57471
57506
57513
57530
57534
57583
57588
57597
57604
57612
57620
57640
57658
57659
57666
57674
57676
57680
57684
57692
57703
57707
57708
57710
57716
57730
57740
57741
57747
57748
57749
57749
57750
57754
57770
57775
57782
57785
57791
57794
57804
57805
57816
57830
57836
57836
57838
57840
57844
57847
57878
57897
57904
57914
57925
57945
57954
57955
57967
57974
57980
57990
57993
58001
58017
58017
58018
58023
58056
58057
58073
58088
58124
58132
58135
58143
58179
58187
58189
58198
58198
58208
58209
58211
58217
58221
58228
58240
58240
58241
58245
58247
58260
58269
58283
58285
58299
58311
58325
58340
58348
58353
58363
58365
58378
58380
58388
58388
58393
58401
58404
58410
58424
58428
58435
58435
58441
58451
58452
58456
58472
58484
58485
58486
58490
58492
58506
58514
58524
58532
58548
58566
58581
58582
58611
58613
58618
58625
58631
58633
58655
58682
58689
58692
58695
58698
58707
58713
58731
58733
58755
58764
58769
58769
58774
58777
58778
58782
58788
58795
58798
58806
58807
58827
58830
58830
58833
58847
58850
58871
58873
58897
58904
58905
58916
58922
58925
58932
58951
58976
58976
58982
58983
58989
58996
58998
59011
59014
59025
59036
59040
59047
59057
59065
59075
59082
59091
59098
59107
59109
59111
59116
59126
59130
59132
59133
59137
59182
59193
59216
59220
59221
59225
59225
59236
59247
59253
59262
59290
59298
59315
59317
59318
59342
59357
59366
59369
59374
59380
59394
59394
59395
59416
59427
59430
59435
59444
59454
59464
59471
59482
59500
59505
59507
59528
59529
59530
59538
59549
59555
59560
59564
59567
59581
59597
59601
59601
59609
59617
59632
59651
59654
59656
59664
59666
59666
59666
59672
59676
59677
59685
59687
59687
59692
59695
59695
59696
59706
59730
59736
59752
59764
59765
59775
59803
59812
59812
59821
59823
59849
59856
59857
59860
59864
59882
59884
59897
59907
59916
59932
59933
59939
59963
59965
59970
59976
59984
59985
59993
59994
60005
60026
60028
60032
60050
60058
60062
60091
60092
60104
60119
60119
60124
60134
60134
60139
60142
60152
60154
60154
60155
60160
60177
60178
60188
60193
60196
60200
60200
60204
60208
60216
60220
60231
60233
60240
60247
60251
60255
60261
60274
60276
60278
60294
60296
60324
60329
60345
60348
60354
60362
60363
60374
60377
60379
60388
60390
60394
60398
60400
60402
60402
60404
60406
60407
60423
60429
60455
60470
60474
60486
60498
60522
60530
60536
60556
60561
60568
60603
60607
60607
60609
60620
60620
60627
60633
60636
60658
60686
60691
60696
60701
60713
60726
60743
60747
60750
60756
60762
60767
60770
60772
60773
60773
60780
60791
60802
60814
60817
60821
60821
60824
60826
60840
60841
60850
60859
60865
60868
60873
60876
60889
60892
60897
60897
60915
60924
60927
60946
60946
60958
60964
60966
60977
60986
60986
61030
61057
61071
61096
61110
61117
61122
61126
61127
61129
61129
61130
61138
61140
61141
61142
61146
61148
61171
61171
61201
61220
61222
61233
61234
61259
61272
61281
61289
61290
61305
61306
61324
61331
61340
61362
61374
61379
61379
61388
61388
61395
61402
61421
61423
61423
61424
61430
61431
61436
61441
61442
61451
61461
61481
61495
61497
61502
61534
61537
61541
61545
61546
61579
61595
61604
61618
61634
61654
61656
61664
61678
61679
61685
61703
61718
61737
61753
61753
61754
61799
61802
61805
61812
61817
61818
61823
61823
61828
61833
61833
61836
61839
61840
61842
61859
61876
61902
61909
61925
61927
61933
61934
61936
61936
61938
61939
61939
61941
61957
61962
61971
61971
61979
61980
61983
62015
62017
62044
62050
62051
62066
62074
62078
62085
62087
62097
62106
62110
62113
62114
62141
62153
62164
62167
62192
62197
62206
62208
62211
62213
62220
62222
62225
62231
62236
62236
62239
62239
62247
62263
62273
62282
62302
62318
62329
62335
62340
62351
62364
62368
62373
62389
62399
62405
62407
62414
62418
62427
62429
62440
62440
62445
62451
62460
62464
62468
62472
62493
62496
62496
62499
62526
62542
62554
62585
62586
62586
62597
62600
62602
62608
62609
62613
62633
62645
62648
62666
62668
62678
62697
62698
62721
62735
62739
62742
62750
62761
62763
62781
62790
62804
62807
62811
62812
62820
62844
62846
62847
62855
62871
62875
62875
62878
62907
62911
62915
62921
62923
62924
62926
62933
62934
62935
62943
62944
62946
62947
62947
62951
62952
62955
62960
62967
62970
62974
62981
62993
62994
62998
63001
63001
63004
63006
63018
63030
63037
63071
63073
63075
63081
63083
63091
63094
63099
63103
63106
63132
63142
63147
63153
63162
63163
63168
63186
63193
63193
63195
63206
63221
63221
63231
63242
63246
63268
63277
63285
63300
63304
63305
63305
63309
63314
63316
63319
63319
63322
63331
63349
63355
63356
63363
63374
63382
63385
63386
63388
63390
63394
63395
63401
63430
63432
63444
63446
63452
63453
63454
63463
63467
63483
63483
63494
63520
63559
63572
63572
63611
63624
63638
63641
63642
63642
63652
63655
63655
63671
63675
63701
63711
63760
63779
63793
63807
63813
63838
63840
63850
63868
63874
63879
63880
63880
63889
63905
63907
63908
63916
63923
63929
63930
63967
63976
63985
63986
64000
64008
64042
64064
64065
64074
64097
64104
64106
64112
64116
64117
64127
64142
64144
64146
64154
64154
64162
64163
64172
64173
64176
64178
64180
64181
64182
64199
64217
64217
64237
64246
64247
64252
64256
64265
64280
64291
64316
64321
64327
64338
64342
64344
64350
64358
64364
64380
64383
64390
64392
64394
64396
64402
64409
64413
64419
64426
64428
64428
64442
64444
64449
64470
64474
64477
64494
64494
64495
64504
64508
64510
64512
64512
64513
64514
64515
64523
64529
64535
64545
64550
64552
64571
64574
64575
64611
64627
64638
64658
64666
64669
64672
64679
64710
64742
64751
64774
64776
64794
64810
64810
64821
64824
64837
64839
64841
64842
64848
64859
64866
64872
64886
64906
64910
64918
64920
64932
64947
64966
64968
64973
64978
64991
64993
64994
64996
65002
65018
65024
65032
65034
65037
65039
65055
65061
65063
65064
65067
65077
65091
65092
65104
65106
65110
65120
65123
65133
65167
65169
65175
65181
65185
65191
65193
65202
65221
65226
65228
65243
65254
65254
65257
65258
65258
65277
65286
65287
65295
65310
65312
65332
65344
65352
65358
65363
65367
65367
65372
65376
65380
65384
65385
65403
65419
65445
65447
65456
65466
65469
65470
65478
65483
65484
65492
65502
65511
65512
65520
65521
65526
65533
