164 219
51 195
161 233
3 242
241 67
229 122
176 85
209 160
143 21
131 129
153 68
112 59
58 104
33 159
123 156
62 241
142 33
179 103
234 80
92 159
25 238
118 234
163 61
140 88
227 103
233 57
121 89
127 54
117 80
57 132
67 171
88 169
99 62
74 174
189 71
66 23
179 7
150 174
48 201
197 9
96 118
39 72
163 27
9 236
110 200
36 140
220 162
161 38
194 140
14 158
80 162
132 58
180 217
94 204
182 186
116 27
203 220
89 134
1 24
120 10
134 197
37 179
17 217
193 214
68 199
215 151
215 27
74 49
46 175
60 193
94 39
48 226
197 241
71 187
122 185
129 152
233 37
3 96
52 129
126 87
24 88
40 116
146 95
80 134
221 179
25 189
39 69
26 21
206 25
13 12
119 209
210 177
44 77
23 47
181 178
173 144
228 90
99 67
76 178
217 156
199 243
192 203
209 144
202 6
105 164
86 188
24 82
96 162
67 76
111 49
39 83
216 115
159 142
22 125
198 176
115 111
49 149
211 76
242 56
104 130
96 136
242 121
45 95
222 65
186 218
146 8
89 27
27 59
63 185
100 202
155 131
108 52
227 117
126 90
174 224
193 220
52 93
69 149
217 224
18 236
192 90
188 243
150 161
10 112
3 124
180 107
77 34
32 171
80 116
103 144
163 176
23 15
113 45
215 16
179 241
200 211
9 218
211 123
170 144
138 41
79 230
239 7
171 123
70 154
205 19
235 71
4 176
87 45
13 117
82 26
128 133
218 193
76 183
101 41
176 179
2 146
228 123
206 9
131 93
126 31
149 55
95 137
220 167
80 66
24 16
234 82
36 10
81 185
122 13
73 47
89 229
7 120
55 23
126 23
125 140
211 203
164 24
6 36
201 88
37 135
230 98
204 96
191 73
26 175
100 91
193 156
25 132
26 19
200 194
81 75
121 110
187 209
233 232
4 6
24 106
20 43
24 38
8 82
194 200
14 16
128 183
163 88
110 15
87 98
68 191
5 187
225 234
201 95
16 79
45 230
199 52
223 31
209 190
89 169
113 139
184 171
112 234
124 11
174 79
35 231
117 112
179 114
167 92
130 184
25 212
122 75
105 210
120 31
171 185
103 133
132 59
7 163
90 47
150 62
124 73
127 143
61 174
89 104
227 80
34 73
112 53
35 61
161 61
221 3
99 210
184 26
112 20
62 105
143 90
97 18
53 37
8 92
229 127
75 52
101 111
146 166
108 20
208 198
123 81
57 75
62 32
30 13
96 45
73 55
165 194
113 61
103 231
67 12
153 39
37 238
107 84
210 137
8 41
65 111
175 46
127 8
146 28
12 96
219 97
101 127
215 201
84 68
128 88
109 22
228 137
10 75
196 139
108 136
211 30
25 208
188 93
51 211
218 135
197 125
155 109
95 54
161 47
83 117
202 152
79 26
85 23
211 129
27 217
44 115
140 196
221 57
239 127
104 118
31 168
159 23
196 227
126 77
84 28
24 188
213 147
140 24
171 94
70 235
177 19
241 112
219 236
93 202
73 42
167 215
185 116
176 140
87 126
97 144
180 218
84 90
168 55
10 81
135 208
103 96
31 159
138 65
4 220
219 174
212 207
39 9
226 52
150 125
83 115
97 44
151 143
21 106
105 142
75 57
51 199
144 75
50 166
40 13
134 118
78 66
213 136
136 120
211 172
106 236
179 189
161 163
189 218
109 74
54 175
191 76
17 120
152 97
101 151
7 141
77 201
55 169
228 218
231 63
58 136
65 236
128 63
234 99
168 151
137 175
115 14
103 210
132 79
117 100
40 139
21 210
59 112
25 33
195 9
155 160
39 215
192 234
145 211
216 51
10 129
230 135
170 19
51 38
227 111
127 101
213 228
227 193
47 23
7 235
71 193
67 233
115 33
98 218
189 77
194 131
51 177
40 37
42 104
135 45
126 219
176 67
44 189
169 96
50 140
156 41
168 67
88 54
228 31
227 148
194 133
140 75
236 160
166 131
38 10
26 240
137 238
23 130
194 152
222 207
123 41
206 60
66 129
4 224
122 27
167 38
161 96
146 96
111 54
196 32
115 127
209 129
25 235
199 155
50 201
52 185
221 142
108 13
224 148
200 160
189 153
200 30
59 63
120 30
169 242
138 74
88 175
3 163
198 112
119 53
194 51
153 86
236 25
170 207
34 165
146 158
45 145
99 16
12 130
223 116
123 26
31 80
52 213
43 41
217 117
200 199
183 148
57 72
230 144
5 40
113 221
183 92
154 132
73 12
148 100
125 14
108 121
240 196
112 3
106 196
232 242
97 28
212 190
133 93
53 67
205 234
116 196
119 179
170 149
127 41
232 202
63 136
209 130
174 6
217 203
215 170
230 123
165 234
20 143
81 122
163 199
211 201
187 231
190 19
208 1
26 243
25 99
25 214
205 225
195 115
88 161
126 223
126 14
14 200
123 194
237 19
221 84
119 73
35 1
232 91
60 213
105 172
155 176
119 92
168 3
237 173
72 98
89 100
40 229
64 111
69 52
94 33
45 236
171 100
130 125
213 234
160 204
193 190
71 25
170 197
36 111
199 74
192 162
41 140
229 100
21 220
238 142
148 28
110 31
111 161
35 58
21 169
12 143
11 42
19 115
218 3
162 230
194 144
29 177
189 67
97 30
234 43
216 147
11 59
186 113
32 22
15 234
140 101
172 89
217 158
3 226
57 135
44 226
74 163
72 48
206 24
50 119
102 22
199 200
132 182
26 64
224 117
191 176
127 24
31 63
130 145
212 169
106 120
194 65
197 71
117 30
169 211
22 203
76 56
235 187
188 194
50 11
194 112
227 153
185 180
129 179
80 89
184 140
240 39
33 22
18 242
100 194
59 23
71 165
11 153
146 5
182 213
241 195
186 44
43 136
153 138
219 92
10 200
175 142
237 18
228 129
169 158
40 129
213 73
151 70
98 217
63 218
151 90
9 189
114 49
54 123
91 186
242 155
91 132
58 169
63 76
231 30
211 1
186 131
200 238
120 75
77 65
226 187
172 24
129 88
121 30
2 150
225 219
212 22
78 180
211 4
171 241
51 122
16 160
115 189
13 94
45 71
23 81
196 85
148 190
56 128
186 175
203 138
37 20
34 220
187 172
127 233
21 131
236 125
206 55
10 136
115 243
123 18
147 117
208 118
105 61
198 116
241 19
122 159
114 221
83 55
168 5
180 34
27 9
27 215
74 35
115 94
225 163
104 113
229 65
2 215
182 18
24 233
48 37
34 48
73 99
125 222
47 27
106 59
157 83
206 128
196 38
207 33
41 95
160 145
34 7
65 97
143 8
214 118
66 188
68 31
117 110
221 178
135 213
205 55
216 129
230 26
68 192
9 191
50 14
236 237
170 79
59 90
77 116
186 184
119 213
119 122
153 9
155 61
195 235
124 104
189 23
238 215
96 218
123 137
235 84
155 129
209 101
142 187
66 137
238 20
65 177
129 178
31 99
177 137
121 195
102 42
120 28
114 118
110 86
177 171
129 124
7 18
227 71
24 105
143 70
76 85
206 18
206 239
59 6
81 237
48 118
223 55
116 159
204 111
186 48
104 109
227 204
126 222
83 185
187 40
39 191
104 75
96 204
144 162
216 143
127 104
220 52
86 37
160 185
97 71
182 110
90 217
157 198
101 235
68 233
23 121
138 97
124 191
164 72
56 202
86 210
127 133
7 89
102 11
175 6
188 206
40 131
241 108
233 52
108 12
221 75
46 165
229 179
235 215
181 180
72 160
189 72
37 99
23 212
56 158
240 130
3 79
14 122
32 143
191 89
94 44
134 178
64 156
191 173
223 222
150 240
34 46
16 191
149 205
16 137
134 63
61 135
186 8
225 152
233 68
163 222
99 38
205 38
138 189
144 205
97 81
130 111
209 89
126 85
8 152
60 177
110 25
134 96
96 94
233 96
16 134
224 46
193 6
108 202
51 35
14 170
173 116
56 89
16 172
16 3
17 47
234 7
198 90
119 46
233 214
69 217
24 220
124 93
135 69
9 144
229 47
99 108
162 200
86 233
169 78
63 40
162 79
89 143
187 68
98 213
67 120
163 146
40 83
82 138
195 107
191 120
1 96
47 98
4 2
24 48
177 187
195 109
134 219
113 67
242 71
221 98
61 113
233 224
68 132
172 20
40 76
179 113
46 98
116 5
203 94
227 232
149 40
68 103
180 97
73 109
69 28
92 43
140 22
91 73
66 199
192 19
187 156
80 150
93 168
120 173
16 158
124 168
144 47
150 23
125 43
30 72
50 49
8 209
66 205
140 235
174 67
172 148
169 152
51 70
50 138
37 28
58 198
112 28
41 58
232 187
174 207
179 94
82 115
127 43
81 178
97 103
114 97
134 203
93 7
189 5
56 139
239 211
195 35
169 206
91 180
179 205
135 138
120 185
21 108
112 31
207 187
193 169
108 54
25 205
223 61
59 159
218 202
215 82
45 239
82 60
63 187
88 194
22 151
100 238
8 47
42 28
209 118
95 159
200 72
13 140
61 21
89 24
171 131
17 215
185 112
201 214
208 58
232 154
62 122
232 30
97 80
96 138
140 112
123 102
69 201
89 144
62 160
8 40
243 83
93 146
60 46
240 213
236 32
152 59
138 158
30 22
59 102
7 193
199 71
65 78
198 222
150 184
133 165
223 221
83 195
236 144
94 158
147 62
172 5
141 16
64 200
146 194
36 185
181 57
211 75
106 180
10 69
65 148
162 8
57 87
91 205
68 70
112 104
131 79
47 230
3 140
72 182
233 212
73 241
166 214
112 92
38 180
136 97
100 220
73 234
75 69
43 201
154 97
33 109
45 161
209 243
217 115
173 99
66 165
125 224
96 56
157 116
155 21
208 44
174 156
235 44
227 134
14 57
186 188
214 2
114 225
148 105
64 26
176 95
231 19
231 144
230 113
72 55
239 29
11 79
112 213
23 186
115 35
198 191
228 200
5 210
188 61
9 103
139 195
222 35
28 70
130 227
176 161
42 44
232 175
116 152
164 169
87 95
116 178
70 99
92 114
139 218
150 131
212 156
112 49
29 36
155 11
230 88
107 48
238 41
54 165
66 143
56 150
85 107
77 73
42 15
11 50
187 22
152 23
12 153
205 137
199 108
150 40
58 138
17 174
17 132
185 87
107 21
30 100
224 45
88 145
150 164
68 133
233 95
94 86
191 27
15 102
156 145
219 224
92 88
60 84
24 174
160 212
70 166
234 160
191 161
8 217
75 31
139 33
53 62
92 130
58 176
139 206
212 177
141 51
231 66
154 12
47 55
64 228
6 39
202 51
235 49
80 16
168 128
227 243
73 133
177 71
123 182
187 120
128 223
212 211
14 44
46 154
145 93
43 1
80 225
204 198
81 147
135 13
203 61
182 229
108 40
49 183
11 118
126 134
12 150
235 206
197 217
151 121
25 204
78 128
