69 7
9 13
52 13
55 1
46 26
48 52
23 8
20 12
22 38
12 23
66 51
62 5
36 80
34 5
19 41
23 11
62 33
54 27
41 23
39 5
69 32
15 49
66 62
29 59
8 37
20 55
36 47
14 74
14 25
9 61
18 49
16 62
55 11
55 24
19 74
20 76
53 65
39 77
24 68
79 36
69 45
63 49
16 41
22 71
27 51
30 81
44 8
60 43
22 78
35 65
56 64
21 77
52 68
77 24
49 12
72 1
20 1
34 11
74 17
10 32
38 64
73 26
1 30
35 7
34 29
5 32
41 22
53 67
31 39
57 35
76 72
22 69
56 37
58 66
28 69
20 62
9 24
12 52
17 47
37 13
34 43
65 40
71 44
45 47
34 3
50 76
30 49
9 35
75 58
44 15
81 3
55 80
74 41
49 71
66 11
63 57
12 50
24 25
24 34
55 74
1 17
11 70
42 53
37 78
14 56
64 75
47 63
65 38
66 39
53 11
51 25
75 66
32 7
23 35
49 76
16 59
74 14
40 24
12 25
50 39
10 42
31 17
62 2
2 14
20 77
77 72
77 36
45 17
4 76
24 11
13 43
6 66
52 71
52 60
54 58
51 31
35 40
15 60
22 17
53 9
24 7
29 8
50 22
74 81
76 20
49 52
42 32
11 3
16 54
10 62
12 70
57 69
25 4
27 16
65 27
6 47
34 71
48 59
79 48
69 49
53 57
53 38
30 55
56 46
81 62
8 64
56 36
32 26
67 45
60 59
25 47
78 19
12 74
74 11
32 1
43 64
1 76
49 29
44 48
1 31
4 26
72 66
20 73
72 61
19 7
3 73
2 65
54 52
53 13
80 68
15 6
65 23
37 49
49 36
80 27
67 71
25 26
52 7
70 24
45 63
40 38
54 29
6 54
3 38
72 21
76 9
38 34
39 53
37 48
78 46
74 64
14 28
54 37
38 35
64 78
54 9
65 67
64 47
59 79
2 31
38 69
69 12
14 66
52 14
78 80
48 56
63 10
45 8
74 6
28 75
16 22
27 66
25 13
11 59
40 59
44 47
67 59
33 32
81 6
65 43
59 41
35 9
3 59
13 57
68 74
50 72
57 32
45 10
13 35
46 74
61 50
32 31
65 78
66 45
58 43
5 2
43 11
16 35
43 32
25 28
41 1
7 8
70 41
2 70
18 6
2 63
17 66
44 9
19 47
3 77
47 60
48 73
76 22
19 58
43 7
80 63
6 42
33 36
49 21
67 60
71 41
53 61
1 64
57 17
11 1
8 7
43 27
74 38
20 46
61 25
13 31
64 43
16 12
46 80
60 29
49 68
7 50
37 67
36 13
32 43
6 43
29 67
23 78
47 46
75 49
33 65
15 66
35 60
11 2
51 53
72 27
19 26
64 15
57 50
12 16
7 43
31 3
12 27
20 66
71 67
69 64
5 74
54 55
15 44
