592 267
616 168
289 214
350 704
727 690
184 107
247 513
153 451
249 252
193 278
380 563
419 162
296 165
57 40
379 380
275 251
500 156
560 289
208 176
427 489
279 340
282 273
209 670
122 204
438 317
285 565
696 224
520 671
296 310
259 504
341 307
89 559
471 266
216 676
652 399
195 272
103 590
643 320
111 259
163 74
378 518
132 237
333 536
710 539
615 535
697 653
174 649
36 621
697 39
341 402
283 31
345 427
301 359
134 52
402 357
147 276
505 476
686 240
170 454
445 235
528 145
538 468
378 585
668 152
719 396
677 278
470 396
366 523
428 700
41 399
38 452
490 642
418 317
219 89
592 690
137 32
454 365
658 229
387 464
580 653
196 435
427 5
140 580
29 467
349 182
197 267
179 537
326 575
501 62
471 287
329 97
508 424
304 156
633 727
193 534
254 1
629 135
285 501
325 4
431 329
429 594
78 337
147 375
413 574
662 164
180 175
367 112
177 386
512 13
141 199
686 477
387 389
207 128
533 491
32 447
391 640
120 660
347 158
25 377
237 310
436 207
75 585
471 506
333 517
100 519
223 369
543 212
694 95
558 14
725 618
599 527
357 285
54 95
451 75
159 568
561 8
96 725
425 624
139 88
617 548
435 246
472 442
4 270
64 84
15 8
582 136
232 716
427 658
381 266
273 8
471 395
427 642
332 70
241 726
679 390
520 285
470 214
10 61
229 353
357 138
488 380
374 563
49 458
498 415
249 539
53 102
247 72
123 309
155 184
157 270
57 532
421 3
96 463
69 73
22 366
127 540
154 204
96 13
304 73
23 173
188 586
303 99
310 126
124 437
79 212
388 570
465 167
587 442
606 182
634 423
492 550
142 518
185 369
403 643
291 514
245 195
369 262
125 88
466 153
655 3
561 306
354 250
574 481
46 555
648 232
541 378
648 703
360 190
473 448
388 350
113 357
22 40
595 579
623 693
684 276
556 319
464 346
684 381
527 613
165 492
619 300
526 10
206 93
479 383
702 358
706 502
726 377
640 21
726 351
334 451
661 343
580 547
616 386
229 148
20 29
511 633
177 175
12 122
563 480
704 22
425 582
575 547
208 521
194 703
165 366
383 693
352 618
335 166
719 534
434 67
588 202
627 60
257 577
408 304
608 458
467 100
64 157
488 709
257 615
186 301
153 418
698 677
534 646
421 258
183 546
543 504
45 143
261 81
653 525
257 110
334 53
718 18
579 441
50 468
676 78
409 708
645 533
509 244
267 60
485 380
633 81
593 303
511 452
141 413
276 351
670 515
118 334
130 52
670 290
34 107
669 460
175 319
521 525
49 200
207 369
525 630
495 213
641 256
255 470
580 342
436 52
225 375
387 105
589 116
15 4
188 132
657 533
388 155
636 564
65 693
231 532
690 333
35 613
424 685
169 502
463 296
467 634
125 495
326 608
313 555
192 493
328 531
206 197
408 588
94 581
25 177
418 257
392 703
694 507
266 495
404 83
654 702
145 541
114 408
103 163
445 390
140 438
31 106
213 97
586 409
481 568
504 329
428 606
181 250
554 14
654 318
681 364
552 349
572 251
493 41
327 22
537 211
443 529
569 351
726 294
547 69
255 269
246 226
461 610
215 465
167 547
156 99
401 613
493 151
670 428
538 486
395 266
500 201
481 119
226 673
545 122
178 196
700 608
458 673
620 291
509 708
484 356
298 403
371 87
666 567
270 47
94 182
467 646
522 260
417 425
159 671
340 525
378 428
535 118
697 684
595 159
32 104
33 343
438 331
28 304
43 633
515 433
163 339
203 496
336 632
267 167
480 387
466 334
295 283
513 272
593 542
728 295
496 42
686 306
448 374
645 281
137 577
405 141
533 578
112 371
77 423
344 334
421 609
694 505
221 159
74 402
378 50
348 48
381 469
258 334
389 449
625 403
62 416
220 306
81 165
624 117
132 499
129 180
402 435
28 76
433 648
31 24
675 146
445 262
154 385
370 353
510 503
187 452
287 199
589 325
585 414
562 233
119 307
628 543
626 664
482 155
432 136
567 281
92 199
221 570
352 451
6 223
636 77
379 337
643 205
144 122
215 516
661 572
262 537
598 310
88 647
50 230
354 110
164 302
309 153
452 157
322 302
48 361
528 640
149 691
458 663
430 144
208 354
85 679
690 354
286 608
325 495
617 288
522 538
245 183
325 21
212 643
441 603
26 503
264 379
51 712
492 256
644 406
308 585
397 248
334 595
379 669
342 698
379 209
709 415
40 127
221 398
632 266
138 284
411 320
699 241
490 717
190 197
707 686
516 377
28 125
40 49
287 27
448 523
285 595
180 211
386 1
623 182
503 628
329 628
163 367
146 523
135 91
565 512
506 685
327 305
550 344
552 591
358 647
308 156
181 517
139 571
118 70
140 556
100 218
250 369
144 480
161 555
226 537
661 473
570 635
7 724
662 134
444 645
161 261
567 348
13 176
189 374
728 511
93 114
110 450
531 561
496 175
468 17
309 598
729 655
162 90
200 605
708 409
425 653
269 662
1 9
417 650
367 279
528 715
290 335
686 178
575 610
53 98
202 148
388 726
217 145
462 264
275 285
652 163
158 379
167 724
206 125
154 60
270 535
119 666
124 231
497 151
368 164
467 501
208 249
403 524
196 171
668 80
414 312
111 674
400 679
112 396
658 343
144 197
139 2
645 571
441 605
498 253
140 287
501 394
398 195
469 31
137 654
611 688
697 13
652 574
194 227
586 497
143 492
100 719
316 365
512 572
212 342
56 53
585 479
431 38
46 517
285 523
655 725
130 494
21 520
221 357
173 66
634 264
295 520
603 483
358 710
644 374
220 711
565 485
523 706
182 338
173 718
49 303
445 638
665 678
197 612
583 223
274 684
223 164
675 462
384 264
453 668
652 616
163 586
503 347
417 25
281 575
288 694
504 258
433 491
596 117
90 381
46 61
252 228
446 682
323 446
85 531
703 717
572 153
90 214
294 723
667 455
11 258
521 334
15 74
453 201
280 546
1 640
708 129
32 534
414 150
197 460
280 480
702 464
206 225
353 274
547 609
676 34
598 354
524 581
124 554
706 66
502 517
289 375
12 3
705 665
531 131
714 354
694 295
707 563
25 97
709 421
627 156
591 23
66 556
227 349
459 307
341 478
1 712
507 1
459 450
434 412
722 151
490 610
725 414
467 372
42 349
37 371
539 686
353 370
234 646
23 471
433 342
94 96
691 243
155 81
619 113
195 469
641 42
520 107
127 277
531 305
418 452
382 291
278 433
50 345
128 613
499 599
292 529
229 629
417 375
698 70
268 270
632 292
579 135
313 507
359 202
365 652
543 459
719 112
535 552
408 163
273 545
230 281
601 641
328 175
302 238
41 523
372 565
590 325
163 353
476 305
114 330
162 602
40 707
134 139
512 134
612 340
58 651
13 589
264 450
271 34
263 667
337 480
29 315
679 238
257 680
593 665
596 314
290 82
569 699
527 595
377 301
119 106
150 480
679 25
557 13
126 255
193 407
570 43
254 64
33 296
414 666
400 126
405 572
466 660
658 413
718 190
278 252
270 257
728 623
65 580
602 93
565 143
217 726
244 333
118 321
652 442
661 569
221 175
73 72
721 152
212 544
94 41
562 253
424 41
278 221
271 245
440 48
201 10
84 73
489 572
397 113
641 228
106 522
272 139
165 209
204 130
711 192
125 255
282 488
383 444
506 620
239 226
197 443
54 548
633 686
489 260
412 479
379 319
569 304
390 579
661 460
492 243
105 705
256 103
669 327
471 331
168 335
524 44
574 136
162 658
423 223
694 464
135 291
498 353
189 449
77 451
32 215
163 717
533 425
316 456
122 620
584 174
44 727
480 354
534 621
648 198
311 436
549 701
25 621
687 172
163 283
415 641
256 64
145 238
138 383
300 411
294 149
209 487
151 298
317 710
235 84
58 235
195 34
530 483
385 232
8 546
270 666
651 629
476 582
55 340
471 582
244 312
357 376
549 454
718 705
340 15
298 729
181 391
131 411
49 516
179 372
221 676
712 305
172 564
66 179
506 219
704 659
136 171
444 327
183 645
649 193
184 21
172 285
334 227
631 541
542 169
311 288
311 55
485 108
355 192
582 550
108 497
154 316
668 267
13 217
343 233
318 153
59 657
511 626
556 590
690 12
625 207
233 674
360 362
331 123
363 145
386 698
575 202
253 317
373 222
184 651
499 543
724 711
302 577
722 485
419 674
182 567
477 285
61 120
232 698
471 303
572 281
457 501
722 420
189 498
517 486
465 707
415 293
358 680
633 626
226 127
685 358
476 58
690 501
210 162
106 252
330 396
353 258
181 690
113 151
25 145
101 595
27 481
270 711
463 546
163 690
97 324
373 236
634 673
628 583
488 120
231 535
35 516
504 41
463 504
38 623
328 191
564 88
128 639
309 24
588 523
431 212
723 371
108 204
579 188
293 629
664 691
82 607
193 298
661 644
467 94
620 129
595 515
165 80
427 144
622 420
708 244
568 268
32 313
316 384
346 531
652 291
61 112
692 655
375 174
448 56
254 237
444 503
89 101
526 508
717 287
658 145
632 552
347 148
228 468
642 393
237 408
268 66
671 486
368 242
199 616
534 11
288 540
166 135
279 710
41 167
690 248
507 124
654 329
171 223
333 181
692 323
268 31
580 15
519 65
77 662
281 299
33 441
170 518
289 22
535 491
416 402
410 49
312 4
29 446
503 402
408 326
584 611
729 146
615 138
23 155
96 515
468 393
89 289
333 523
89 226
322 252
47 258
651 721
377 499
592 657
715 80
521 181
105 438
695 429
648 273
436 235
502 322
541 714
418 367
279 445
66 488
54 41
341 253
110 637
261 569
29 557
110 469
480 316
128 697
501 289
465 413
691 304
45 702
517 434
590 626
712 717
188 260
255 348
493 257
393 372
148 374
415 690
485 325
69 299
53 14
151 437
512 566
256 473
516 331
655 49
171 482
516 392
119 485
541 499
36 321
176 621
17 493
458 187
180 563
185 159
561 469
274 338
682 401
304 172
663 274
194 231
104 285
719 595
306 666
213 413
301 662
656 185
510 552
118 18
249 646
500 244
462 554
726 181
503 636
131 527
523 477
119 413
67 357
708 124
271 562
356 111
93 514
671 578
352 5
81 70
347 542
138 247
567 671
689 201
143 578
238 591
26 56
633 278
410 46
101 728
606 427
107 610
278 277
371 352
119 592
243 238
560 355
721 377
325 594
457 8
287 165
565 543
143 155
560 374
75 663
623 629
276 166
181 689
723 502
278 362
84 722
55 711
293 660
518 203
529 635
196 451
45 654
669 96
705 511
311 129
156 670
567 113
640 541
116 249
637 363
66 97
209 692
567 523
455 461
703 103
319 406
412 389
655 106
371 606
469 95
176 581
334 91
541 228
274 659
523 34
138 542
21 314
290 573
141 443
501 162
452 664
187 138
403 47
346 209
453 722
31 327
545 463
659 654
158 134
578 515
422 118
582 574
577 555
376 451
181 17
323 471
620 500
82 673
128 157
718 175
346 278
538 155
709 267
679 117
72 536
309 682
677 126
67 345
387 128
391 46
321 162
612 674
637 450
677 14
43 426
300 423
563 124
593 444
221 444
640 389
632 362
164 47
21 676
353 562
687 167
429 334
86 284
217 379
388 121
184 83
356 418
431 273
220 336
425 587
548 154
486 342
625 209
90 375
505 683
205 252
637 492
509 473
95 9
90 566
537 584
387 50
273 134
120 9
400 492
62 628
607 638
638 546
698 682
506 489
158 479
139 3
520 235
358 116
683 590
560 342
68 227
61 525
399 640
554 16
168 188
273 370
663 1
328 538
279 327
68 211
673 80
257 296
387 662
183 146
193 654
518 400
537 690
657 190
305 220
620 262
246 17
103 525
677 256
16 195
262 552
498 55
154 234
714 477
95 19
554 61
452 89
464 490
135 594
636 195
168 507
188 131
663 9
375 133
131 694
598 146
679 346
129 499
162 660
26 183
612 433
714 506
242 2
485 558
318 711
469 503
603 540
534 24
716 236
653 544
159 115
138 21
568 721
620 342
596 67
512 534
602 100
133 222
490 194
200 398
582 616
415 665
207 706
358 568
155 241
420 605
484 224
595 723
201 226
712 110
314 214
75 340
605 616
714 418
235 50
676 149
240 654
510 343
233 578
241 74
648 566
167 401
407 467
379 550
171 5
530 127
302 464
185 631
447 212
660 622
326 542
291 127
208 142
224 61
554 374
65 325
305 297
518 490
657 83
491 439
455 71
70 90
479 577
185 709
397 81
444 658
394 361
304 542
534 385
254 337
638 86
489 473
715 62
415 683
152 560
29 393
279 722
663 176
428 213
150 629
402 101
344 290
665 711
123 106
219 572
486 52
444 167
670 314
19 644
660 702
268 657
452 316
428 706
395 664
191 374
714 370
79 486
241 352
148 584
702 347
498 197
587 359
513 542
340 474
658 267
157 647
603 420
692 17
100 460
5 259
304 540
175 283
358 267
152 611
723 726
240 454
662 321
3 328
647 151
112 397
296 682
530 100
279 306
522 136
351 552
433 400
375 42
469 180
210 49
64 358
121 410
655 262
293 455
608 420
225 110
211 647
266 598
176 190
539 102
200 245
182 391
323 97
213 714
66 702
710 307
42 52
323 636
191 380
726 115
604 532
135 284
659 120
344 604
554 616
465 688
435 356
313 351
615 607
266 612
492 581
462 107
580 510
514 637
156 380
124 233
432 100
87 532
85 352
19 27
537 490
557 570
618 532
372 304
31 632
264 413
425 443
209 72
729 527
309 600
37 257
91 150
648 1
122 129
543 39
60 282
605 610
219 574
635 393
330 607
462 229
344 674
175 46
422 137
451 26
77 192
350 632
290 465
196 157
348 702
113 455
629 358
499 70
85 214
362 341
182 710
143 613
152 358
386 404
152 654
361 401
110 423
585 373
474 66
671 510
501 621
40 382
176 220
359 475
186 699
589 560
651 357
557 20
457 619
12 586
593 460
413 277
179 265
401 219
97 231
110 72
455 354
584 85
173 568
555 62
326 709
274 699
665 12
586 204
677 215
124 565
272 543
403 581
80 307
481 342
210 362
556 725
288 110
108 729
556 698
149 14
388 630
677 307
30 658
542 725
172 298
539 110
85 322
568 383
143 612
151 141
146 301
634 604
307 364
354 159
348 346
46 35
469 13
617 518
397 691
715 150
389 315
229 63
525 719
492 493
319 231
568 578
538 586
620 155
195 168
534 244
672 395
195 622
500 30
677 241
121 257
388 158
139 563
427 552
97 254
87 262
225 127
307 621
532 323
626 445
306 40
637 636
35 184
523 710
240 132
19 376
78 319
613 26
221 148
459 65
452 563
616 170
666 75
557 660
308 448
140 119
215 527
472 634
506 348
196 543
58 692
728 142
607 171
269 683
23 396
468 626
79 627
28 673
721 121
259 362
503 12
213 513
73 510
202 4
578 320
45 397
343 378
134 33
40 52
302 113
326 356
383 187
322 602
195 353
349 713
555 428
410 156
628 182
404 608
677 42
17 2
609 265
615 720
220 431
10 7
678 517
655 137
94 266
83 507
667 225
287 478
25 489
288 44
290 675
395 510
624 141
6 283
451 478
695 599
73 702
564 357
408 510
108 360
703 291
252 141
135 115
651 648
527 96
716 642
620 296
553 373
241 516
393 314
214 297
511 421
232 163
305 348
594 648
241 155
48 614
541 332
447 513
482 613
266 438
467 544
493 58
560 584
185 512
33 598
131 651
69 175
285 100
597 388
708 288
105 258
206 443
123 304
611 419
141 417
279 546
672 358
236 39
191 535
136 386
278 55
708 470
606 11
326 136
156 5
669 279
367 122
190 94
222 609
188 191
534 164
113 275
476 2
379 560
518 593
578 639
579 10
298 383
371 468
242 345
140 269
267 408
31 95
592 727
230 16
284 361
245 229
238 424
384 170
150 433
558 703
494 353
678 198
248 227
128 160
87 138
120 696
77 387
25 727
680 720
27 270
652 258
696 449
433 209
249 269
559 68
392 403
669 159
147 247
337 662
251 429
596 277
464 579
582 204
184 137
413 519
61 586
395 694
186 152
212 380
325 344
620 64
455 714
50 310
525 565
315 322
672 281
501 546
451 146
457 243
494 580
582 561
503 477
13 645
202 1
578 606
561 718
320 70
392 300
666 320
297 273
547 194
153 175
687 343
683 407
536 716
15 16
221 127
256 433
369 58
437 128
18 460
710 314
176 586
7 109
475 323
166 252
698 451
207 326
607 548
707 655
320 300
517 394
132 351
575 681
201 139
61 668
118 112
447 618
521 330
651 713
632 194
480 646
9 530
338 272
476 676
51 605
415 84
649 78
392 129
252 686
196 151
616 48
353 35
418 34
501 310
343 54
622 500
203 637
149 343
530 708
569 167
337 229
717 265
476 300
90 135
341 388
452 261
18 728
488 332
570 381
141 284
589 575
197 373
668 147
670 430
58 648
719 169
475 161
456 74
84 107
355 649
81 9
278 93
330 350
237 154
37 704
242 4
409 513
392 32
631 87
48 75
72 116
20 377
64 375
659 214
166 132
562 571
468 721
438 261
197 185
386 284
500 116
229 702
538 408
677 726
458 35
620 275
619 580
450 657
165 494
416 79
608 168
218 369
429 682
404 121
713 125
266 397
581 381
705 78
543 173
638 151
107 529
256 258
282 425
654 20
655 544
241 383
11 642
451 399
13 491
132 361
132 638
98 18
198 639
176 162
657 458
514 285
376 388
1 695
711 99
124 572
562 495
663 401
238 124
539 31
677 172
529 600
122 564
604 717
290 556
545 434
193 400
565 206
698 423
303 689
527 388
256 266
56 451
442 1
705 31
48 341
704 672
17 725
463 607
261 554
238 670
619 337
486 556
509 716
93 144
102 321
514 309
216 438
176 399
227 172
379 431
396 126
431 256
152 451
12 193
367 722
682 382
590 298
574 289
69 300
201 147
216 520
712 493
305 496
231 490
15 530
343 679
419 231
7 592
27 500
649 394
70 580
329 238
610 421
496 204
721 179
417 45
515 51
320 187
41 417
361 309
213 156
88 648
621 180
136 61
200 469
395 6
373 115
474 196
598 157
467 236
33 693
408 61
144 469
623 523
656 199
385 607
350 112
211 278
650 4
74 451
252 459
157 73
449 584
473 692
289 77
631 165
552 353
33 484
157 680
635 432
308 351
403 18
681 43
213 18
50 30
648 187
422 690
568 306
386 120
390 7
62 29
354 621
325 162
51 417
39 580
694 637
182 224
405 15
619 715
36 133
293 470
661 61
126 517
269 12
229 570
23 645
579 553
68 523
296 100
30 304
197 590
62 548
75 616
170 674
528 401
262 51
387 172
555 702
98 83
258 362
257 576
381 594
124 73
248 555
190 73
723 16
159 215
243 227
445 317
263 22
654 261
70 401
165 102
330 263
389 568
581 308
193 417
41 584
527 353
371 207
339 151
209 445
72 511
258 599
603 281
52 410
225 15
280 154
511 392
629 651
438 527
549 526
541 564
498 261
91 61
114 495
291 465
660 432
44 364
587 555
487 610
477 275
26 243
263 400
346 611
98 22
649 214
259 372
7 268
636 356
638 465
78 321
599 360
422 663
42 21
463 491
214 698
128 640
241 457
157 721
551 547
433 604
53 465
539 333
227 187
112 474
102 243
132 562
445 350
605 186
382 2
282 585
84 10
552 31
520 101
670 302
58 493
583 692
564 633
304 96
101 603
218 29
160 515
634 664
703 472
282 235
94 181
252 516
504 634
86 93
72 479
231 61
59 485
425 26
491 634
216 266
100 261
170 409
283 203
444 675
164 310
220 261
137 150
692 608
409 616
68 193
420 402
644 701
673 627
567 257
261 278
451 150
309 108
611 14
12 459
521 335
91 669
655 119
231 152
302 456
573 549
650 38
204 584
469 675
582 500
715 688
86 317
239 253
56 481
628 211
410 537
25 368
646 349
65 287
642 14
4 442
626 524
680 459
329 35
692 188
337 663
248 357
180 19
701 397
399 369
619 416
304 509
498 305
471 619
696 492
119 428
338 299
137 447
306 128
502 154
424 96
293 454
223 630
562 182
729 437
528 506
658 360
721 200
489 631
715 624
440 521
627 700
109 549
47 243
464 367
30 465
364 124
65 514
64 524
543 57
552 286
10 581
80 141
628 502
554 203
453 357
409 39
8 723
510 44
677 679
274 498
18 675
484 707
276 406
137 314
404 2
264 728
147 28
482 728
78 456
239 665
635 213
429 427
53 703
704 38
480 551
25 507
628 529
333 314
27 34
641 580
268 179
715 656
718 666
684 134
25 464
479 177
177 448
178 356
414 393
589 193
720 175
192 254
485 481
352 395
77 318
486 468
698 679
576 177
230 14
255 441
236 673
159 14
70 622
565 400
458 61
77 470
691 390
473 679
338 255
268 558
146 533
493 298
387 687
150 216
181 651
659 474
163 38
26 4
140 653
627 64
221 385
576 482
254 200
702 546
93 717
119 363
688 224
504 624
701 249
425 475
404 564
272 137
713 283
559 605
355 547
286 462
452 449
281 323
638 117
107 186
55 260
724 260
257 724
566 10
614 107
723 242
397 318
296 557
380 450
588 101
173 134
272 42
632 105
454 86
548 207
624 325
486 417
216 257
246 432
166 168
382 358
570 485
153 661
448 170
259 195
471 492
694 337
643 536
62 601
599 442
306 698
45 450
572 537
33 438
209 290
129 273
624 375
497 265
171 700
133 164
343 630
51 192
71 272
87 61
569 675
353 242
447 541
728 565
69 512
242 466
49 539
619 705
620 571
298 647
558 208
574 106
438 159
106 428
359 496
402 54
193 316
7 231
386 634
398 55
441 517
3 620
209 121
181 64
253 208
637 154
499 330
520 661
271 402
117 237
624 250
622 273
672 440
124 19
17 39
591 60
408 682
522 348
59 435
361 549
438 358
147 40
78 108
169 394
13 87
536 189
36 354
238 138
109 616
157 366
482 436
53 250
446 131
345 91
14 206
106 147
540 537
690 524
327 77
154 291
332 561
19 158
724 271
371 288
200 575
220 440
369 103
332 437
279 388
576 594
633 575
520 132
270 375
294 533
111 200
480 586
591 44
420 387
610 17
242 680
277 412
138 217
261 413
543 140
331 474
103 565
266 634
599 482
236 31
372 711
72 181
702 146
246 451
236 114
311 476
374 449
321 312
339 617
723 132
269 215
355 324
175 68
69 284
279 634
143 382
154 527
240 338
537 592
383 120
88 509
575 166
369 122
69 553
172 56
64 561
304 564
158 220
379 100
311 318
81 195
623 19
384 440
43 601
628 440
119 712
661 709
275 524
649 547
498 112
101 317
452 90
561 519
160 717
715 667
262 371
439 136
108 287
690 48
504 281
75 228
293 202
416 705
307 145
55 169
509 144
254 28
142 465
303 470
691 378
584 56
536 470
722 48
602 642
538 294
136 538
431 269
176 55
359 694
414 137
728 136
261 542
131 280
469 556
127 640
54 576
11 623
658 541
202 405
588 424
678 416
163 412
193 250
728 67
156 81
624 697
106 137
286 680
299 52
609 520
561 376
297 186
201 633
34 142
37 186
267 123
489 587
609 603
530 625
542 377
641 388
207 287
228 462
379 410
616 668
199 429
497 379
533 454
719 621
706 140
613 399
189 290
478 488
90 660
495 330
86 585
515 660
637 639
565 555
340 483
46 40
44 436
245 657
8 131
593 374
256 511
354 299
15 494
40 578
227 357
22 178
435 188
79 503
679 31
439 330
105 133
666 259
48 134
5 240
272 539
588 341
182 399
325 442
190 425
663 250
516 309
548 615
683 609
667 323
483 720
60 424
74 60
695 481
706 646
345 528
454 107
637 569
65 685
410 86
465 239
212 580
403 367
157 119
5 237
522 387
412 714
654 452
261 266
247 485
720 4
698 253
406 1
350 332
272 581
148 119
618 248
58 97
463 380
210 13
75 536
708 672
484 127
580 422
486 389
654 150
276 111
47 456
434 105
646 648
469 415
236 274
16 339
271 339
327 19
331 351
181 2
8 23
320 189
219 547
44 655
283 465
440 78
267 86
215 653
474 244
565 349
123 265
80 570
170 622
355 95
560 573
566 576
728 234
2 484
692 571
513 690
379 406
390 112
401 452
369 562
497 602
363 38
509 590
34 197
602 71
592 117
431 297
379 519
557 273
582 334
148 713
527 1
457 554
182 213
644 636
314 351
454 722
134 120
629 85
552 190
557 185
325 26
135 653
570 674
152 632
720 350
384 670
247 476
386 519
711 288
188 584
139 577
118 496
719 503
194 719
665 342
163 276
138 154
416 71
129 170
567 284
504 725
381 613
273 362
385 552
134 294
401 212
282 521
125 294
240 672
223 715
442 711
629 309
395 343
3 642
622 137
44 467
627 506
153 199
70 369
311 602
56 280
123 510
77 687
213 356
712 9
275 522
399 696
366 652
72 208
191 627
516 46
27 397
497 626
335 52
139 710
291 497
317 144
474 725
310 725
472 657
355 425
252 407
363 33
690 691
222 90
71 526
285 246
28 653
559 701
165 10
28 692
590 11
595 253
487 572
98 82
312 391
315 552
663 600
193 543
177 190
149 319
464 176
683 287
593 398
148 57
626 467
290 595
531 438
428 300
327 233
499 202
387 88
97 376
36 262
720 131
186 500
252 357
672 244
727 253
108 352
196 248
726 56
502 143
381 57
185 312
3 628
484 282
661 458
336 231
293 500
569 571
448 659
227 13
670 396
79 245
342 184
180 469
553 83
218 265
683 591
420 364
709 424
90 249
294 347
589 214
197 309
71 25
28 197
192 75
615 482
411 431
408 403
284 271
153 677
686 710
632 441
528 304
93 262
441 316
340 246
265 122
195 684
370 198
635 669
727 720
222 648
380 4
564 106
36 531
204 298
480 636
548 667
645 490
422 236
494 55
407 375
125 500
578 56
609 172
90 482
28 343
316 9
364 697
645 447
205 281
211 140
712 186
555 300
309 239
288 212
89 327
544 661
714 56
510 729
483 92
71 456
457 54
22 326
106 95
572 407
398 496
153 168
637 297
370 435
192 711
204 195
459 600
174 682
587 342
426 430
194 333
85 204
552 444
130 642
378 370
305 467
393 211
398 591
452 117
696 660
66 76
43 187
401 599
301 332
223 33
681 722
712 2
13 658
405 229
523 302
53 198
175 486
293 381
95 365
634 217
152 242
582 611
78 532
561 68
351 314
141 13
160 488
209 213
28 354
651 24
58 21
370 705
40 215
580 68
4 684
18 296
354 287
358 88
514 721
235 70
483 5
261 157
592 609
348 418
415 50
339 714
682 601
51 600
289 383
550 669
590 154
344 453
8 46
143 277
615 572
329 302
125 463
322 445
238 256
100 414
728 688
144 544
511 127
141 329
304 724
178 86
468 465
726 93
235 312
421 471
133 645
422 174
523 150
325 85
714 237
434 318
525 191
90 247
517 215
442 252
495 47
320 385
542 347
72 204
451 650
294 310
12 183
321 692
180 29
122 329
525 223
224 14
470 101
44 594
181 170
167 580
643 459
626 186
275 572
368 414
435 706
125 114
427 120
480 415
177 683
395 166
565 705
583 644
48 707
461 172
578 293
339 160
720 23
611 545
261 13
346 690
607 676
96 526
149 374
32 708
449 598
411 551
606 494
46 433
206 141
127 527
526 637
424 532
600 641
163 448
317 156
439 666
644 610
473 574
80 417
133 344
604 334
143 208
566 53
556 181
417 473
452 692
374 583
130 371
210 245
326 86
178 10
709 486
376 679
527 677
244 350
3 156
77 570
43 274
374 265
540 166
685 397
218 644
136 231
9 708
106 729
402 352
435 349
381 160
291 487
619 92
717 625
436 513
54 533
215 159
218 571
405 1
368 202
348 119
561 208
102 700
353 348
64 394
698 333
346 82
368 133
519 45
718 538
426 146
8 433
396 445
639 41
659 530
497 210
629 293
670 593
198 526
465 261
178 613
616 452
76 452
696 601
584 81
118 368
254 270
92 634
327 650
361 415
361 548
634 612
628 33
202 229
638 420
443 612
155 383
318 516
164 401
323 10
49 524
229 694
465 610
560 425
444 587
348 362
384 318
115 449
530 631
177 86
587 139
66 569
404 197
243 88
321 713
669 108
512 610
294 265
610 576
347 298
534 199
389 564
514 669
312 152
318 135
394 318
711 671
617 700
277 97
361 400
554 562
609 293
632 50
455 277
394 127
467 681
530 262
2 515
548 627
310 453
425 42
682 687
12 179
612 115
279 556
345 426
405 682
490 532
722 302
228 461
221 407
684 711
407 504
55 459
452 310
435 690
213 309
399 517
602 483
565 580
387 413
34 581
49 65
442 203
12 321
520 333
226 92
206 672
575 664
344 403
172 690
406 451
524 313
15 116
680 421
366 90
51 445
608 408
333 712
494 566
244 76
438 244
587 629
404 515
231 82
366 443
95 273
583 105
661 681
549 210
8 267
222 187
503 494
417 367
114 363
658 233
10 84
182 365
452 344
527 232
587 54
210 704
155 10
495 665
10 350
30 154
66 443
179 447
395 201
692 417
368 90
441 310
42 610
696 713
121 620
636 485
707 347
331 386
357 445
636 52
682 269
566 533
551 307
718 196
560 323
213 540
113 71
576 618
131 477
709 499
655 498
170 291
202 350
529 244
239 11
312 237
270 289
113 236
81 606
661 409
608 459
590 243
170 143
156 213
663 82
313 250
457 250
350 167
649 213
31 224
606 237
102 92
174 413
270 330
636 100
84 233
359 457
650 130
539 59
690 314
544 613
56 457
74 568
418 417
8 438
58 181
16 645
506 236
403 388
388 249
185 587
19 344
557 265
126 457
435 9
315 675
66 300
560 615
217 87
222 507
410 416
618 326
430 54
136 696
53 620
514 133
695 287
274 167
657 634
523 345
250 681
1 161
194 492
87 679
641 103
721 261
83 94
112 687
45 248
579 551
679 607
420 491
295 91
323 218
579 415
238 343
714 600
520 664
415 372
660 485
458 467
156 363
334 246
311 182
620 340
644 543
59 120
272 681
674 287
234 575
544 296
143 342
481 271
643 550
116 144
358 25
622 633
241 513
416 133
60 95
258 336
676 619
125 360
359 607
646 496
600 552
695 374
451 346
668 535
403 525
68 477
383 301
590 707
281 282
19 607
582 523
515 319
138 577
78 718
465 274
406 610
546 99
339 574
47 532
452 620
360 139
605 94
20 549
243 542
718 688
417 394
726 136
3 218
229 257
312 184
336 101
370 590
230 348
630 312
168 679
137 514
416 34
391 316
21 488
339 654
655 231
142 46
285 665
543 538
308 130
70 701
227 189
461 492
384 511
616 24
145 93
462 231
678 551
162 403
67 413
107 456
354 311
509 74
570 317
263 104
417 638
189 542
228 489
167 319
18 595
307 660
710 408
327 324
106 126
354 116
611 84
100 690
346 478
335 333
82 712
65 129
522 437
375 349
371 345
153 529
729 161
288 159
88 505
123 108
561 302
401 601
383 701
373 696
111 637
347 530
424 551
296 213
151 180
83 476
540 689
601 560
650 504
509 578
436 150
695 558
117 413
454 557
69 220
114 678
151 410
342 692
371 63
36 632
383 648
343 243
563 442
291 690
530 178
683 29
88 85
448 454
578 556
614 314
6 705
602 111
116 335
700 162
660 637
325 127
681 589
443 97
16 477
51 529
721 468
314 28
453 448
334 383
617 157
705 189
103 117
684 594
86 127
96 349
70 620
314 386
357 191
564 515
682 173
375 531
344 721
646 692
593 1
24 201
194 210
169 232
8 320
531 156
599 190
545 233
477 457
475 691
31 617
319 14
567 39
249 167
318 112
33 554
649 672
557 500
681 675
458 87
702 391
727 207
61 349
93 442
646 211
97 329
621 226
394 314
520 29
9 61
559 325
313 412
36 329
286 297
23 189
705 404
210 94
202 588
363 467
297 344
506 119
254 348
86 647
606 66
275 544
371 648
249 190
182 151
662 432
530 183
265 144
279 363
313 475
698 20
417 164
644 230
209 151
107 398
600 59
249 183
607 7
309 628
296 591
564 423
508 71
523 539
687 130
79 123
680 289
28 580
573 28
188 84
214 411
228 719
189 235
150 177
464 78
16 277
596 366
132 510
169 722
6 308
195 653
533 14
584 687
442 387
377 243
26 414
384 33
11 521
29 523
162 580
241 471
695 151
556 523
397 493
350 182
199 287
727 546
191 188
319 645
101 279
261 324
472 402
488 90
337 592
648 413
173 277
235 495
589 387
225 219
224 102
289 716
294 440
111 638
647 562
501 151
521 166
592 166
403 668
261 199
698 332
651 42
724 80
558 328
292 156
45 108
617 190
373 62
670 524
397 603
171 359
548 575
336 350
323 657
286 423
387 296
168 677
61 593
257 39
441 538
5 204
390 446
280 160
567 172
53 689
336 567
617 379
393 176
357 539
494 460
595 295
329 542
590 510
364 285
379 427
570 243
520 244
35 637
282 574
442 337
349 200
21 395
658 266
587 59
704 368
562 214
473 647
162 581
220 117
116 521
149 627
263 717
266 93
255 674
1 658
162 356
359 350
544 225
329 50
684 649
225 65
139 264
43 173
348 40
593 369
701 501
619 157
396 142
606 136
317 647
206 406
123 626
304 109
661 203
212 496
97 720
344 560
353 634
524 180
296 576
168 127
427 344
31 629
543 402
308 710
452 119
293 628
279 380
606 675
186 518
709 481
155 260
375 624
498 560
662 665
395 59
424 583
707 620
523 695
693 344
93 327
242 669
581 65
410 722
448 348
263 47
97 532
414 67
100 489
48 363
408 341
386 617
389 67
599 571
68 423
95 394
616 120
37 544
394 660
328 379
80 427
286 110
334 34
283 536
726 60
275 464
716 348
540 709
96 312
293 91
189 496
102 621
510 426
627 283
646 209
430 42
482 46
271 36
656 304
17 669
188 642
80 149
487 163
331 165
44 696
52 4
421 387
11 610
70 241
305 426
567 190
586 317
594 309
422 224
429 317
630 168
561 695
43 139
560 144
569 202
31 65
649 560
148 214
383 37
102 17
654 461
646 136
644 689
356 79
219 691
134 241
464 496
313 100
607 426
471 69
263 555
424 296
105 208
488 576
21 227
648 462
407 334
479 18
157 166
197 27
687 318
579 402
634 629
304 324
158 132
446 551
116 557
46 207
100 542
618 266
692 137
139 305
251 699
430 130
460 719
397 18
717 228
87 314
298 503
571 313
10 150
622 715
207 200
645 55
406 691
717 94
462 648
277 182
88 427
678 688
266 571
133 537
455 136
299 599
657 13
422 350
523 62
324 623
347 564
423 93
266 589
326 566
281 171
246 430
68 24
79 556
84 282
31 346
72 97
149 132
109 257
588 253
51 263
586 444
452 88
399 59
274 488
221 554
78 636
109 244
661 100
306 65
527 322
483 341
279 496
505 675
382 481
713 249
250 661
486 410
617 118
252 108
339 341
71 669
41 133
628 61
156 290
551 396
713 459
400 198
166 288
409 143
577 438
399 575
71 519
220 154
726 668
43 220
519 93
490 112
695 448
52 588
404 103
104 348
279 367
580 227
587 26
389 186
34 163
674 325
303 561
670 514
351 491
486 458
470 568
649 462
480 434
548 281
149 616
195 264
367 644
215 146
717 41
537 598
700 656
688 188
201 337
605 555
350 119
171 184
408 58
701 366
309 566
534 591
504 210
722 588
160 297
604 220
598 669
632 509
557 640
262 230
146 438
12 669
653 390
464 497
224 499
364 618
273 538
485 425
300 110
568 159
52 359
611 469
300 651
408 620
508 561
583 416
363 345
211 633
160 53
665 582
270 467
376 649
141 325
100 288
606 224
610 404
418 173
93 528
50 699
207 12
374 351
570 500
433 37
656 358
569 298
608 174
412 95
721 462
577 386
590 282
8 281
722 160
581 199
126 576
475 418
618 35
699 533
325 112
187 83
501 371
101 499
368 240
257 408
670 14
395 494
315 716
123 566
84 488
668 23
559 398
717 655
196 467
139 674
443 284
590 673
286 618
451 522
716 142
318 454
627 2
565 644
335 572
441 716
472 290
74 508
599 529
519 31
127 537
589 241
448 424
564 189
523 719
625 554
425 73
576 533
688 114
215 344
281 558
481 82
262 69
650 549
658 634
267 115
471 595
698 685
422 469
481 561
716 81
449 371
243 189
115 442
316 548
90 52
211 695
9 524
518 144
462 187
622 431
645 130
625 461
548 14
198 564
699 150
382 630
178 57
615 633
431 168
208 589
122 20
339 416
249 22
74 226
621 156
30 442
421 725
565 63
355 386
402 245
249 330
426 389
480 358
120 266
223 594
625 697
301 553
471 678
531 277
519 356
454 686
360 31
244 504
329 709
244 697
470 367
411 108
130 271
57 658
105 698
78 424
535 497
330 521
463 726
487 408
628 705
441 713
154 360
8 69
544 320
331 524
468 116
668 172
68 298
133 190
186 603
252 442
137 187
404 514
256 2
594 533
1 156
468 541
56 76
681 72
37 180
188 407
71 694
125 649
457 274
511 390
263 713
590 56
231 147
236 283
346 692
253 321
127 626
43 376
306 433
112 384
581 160
580 517
170 389
684 113
483 580
530 343
133 574
354 667
108 587
172 694
526 211
708 76
612 344
537 299
425 268
645 591
26 425
152 588
258 312
599 121
229 444
600 232
390 381
621 490
541 622
542 451
673 603
99 682
536 311
172 449
386 708
707 723
716 658
475 160
56 395
272 608
333 1
270 155
164 367
276 535
514 313
604 364
658 681
95 654
89 110
227 55
183 192
618 534
407 435
410 486
353 157
389 237
482 25
434 723
290 121
636 652
124 477
179 632
176 211
56 525
351 18
637 332
631 636
645 525
173 597
224 307
724 684
427 647
372 43
621 677
394 176
345 709
278 116
333 418
493 213
710 491
358 258
136 283
81 363
281 74
615 399
565 474
402 269
600 287
595 331
679 34
423 386
527 701
565 265
551 381
11 549
631 632
691 412
712 719
305 94
101 200
710 186
684 632
443 359
729 654
36 651
497 550
726 487
612 138
461 119
48 38
545 319
72 443
271 100
556 534
101 325
594 261
25 28
515 402
310 160
60 112
295 90
226 535
596 444
98 25
376 94
578 187
25 189
631 135
687 465
352 664
709 624
472 666
427 282
305 226
293 153
139 80
294 408
193 67
415 557
174 348
500 468
535 671
437 403
351 480
63 125
500 451
525 662
236 200
568 636
585 487
255 658
595 129
354 339
718 697
570 612
580 37
359 364
351 517
105 354
448 389
516 44
428 187
720 89
93 217
497 692
638 702
112 139
102 340
15 35
231 531
291 450
353 538
669 615
348 666
689 502
637 173
670 340
19 430
85 136
402 200
608 183
109 544
307 544
595 116
569 18
99 211
504 539
388 696
729 145
266 286
95 37
662 208
306 595
400 72
510 632
231 621
596 427
616 195
669 563
611 360
69 359
185 337
251 137
306 195
424 327
218 138
325 502
41 238
510 423
356 441
84 7
484 455
565 250
528 518
85 432
675 223
675 233
677 162
582 566
493 547
383 108
411 380
468 4
223 442
273 366
679 197
95 444
3 318
106 647
118 351
498 201
603 638
354 712
