29
76
379
388
499
614
762
843
945
951
970
1064
1307
1526
1849
1965
2074
2098
2159
2287
2595
2849
2888
2902
2965
3040
3067
3212
3228
3251
3373
3581
3731
3897
4223
4299
4502
4666
5074
5074
5148
5552
5714
5756
5806
5918
6098
6386
6406
6573
6574
6781
6941
7089
7226
7472
7688
7716
7826
7839
8026
8163
8449
8660
8999
9122
9446
9469
9674
9687
10345
10591
10718
10768
10907
11137
11217
11285
11328
11375
11496
11584
11949
12078
12245
12325
12382
12402
12465
12652
12771
13129
13177
13371
13391
13399
13461
13496
13593
13596
13673
13738
13763
13767
13822
13877
14008
14064
14223
14312
14414
14603
14750
15096
15150
15203
15541
15620
15644
16033
16091
16132
16430
16467
16729
16761
16899
16924
16948
17002
17086
17667
17774
17998
18040
18127
18208
18350
18398
18554
18701
18735
18874
18929
18983
19071
19260
19382
19534
19539
19729
19851
19923
20031
20056
20161
20322
20408
20611
20707
20766
21143
21609
21930
21993
22047
22227
22263
22436
22588
22683
22908
22945
22956
22994
23192
23203
23292
23432
23437
23480
23481
24043
24147
24183
24199
24264
24364
24377
24403
24424
24558
24575
24611
24637
24790
24912
24932
25612
25701
25754
25794
25958
26019
26095
26099
26270
26488
26681
26702
26712
26751
26970
27378
27530
27551
27853
28782
28980
29170
29354
29409
29501
29789
29889
30053
30183
30201
30467
30477
30776
31170
31310
31591
31826
31960
32041
32058
32130
32198
32279
32594
32727
32982
33433
33650
34069
34181
34352
34461
34549
34550
34887
34897
34933
35129
35136
35334
35412
35514
35705
35752
35799
35911
35986
36145
36149
36205
36214
36340
36374
36386
36460
36464
36481
36518
36851
36885
36915
36948
37049
37237
37271
37403
37433
37608
37753
37778
37843
38006
38227
38471
38507
38638
38925
38941
38950
39033
39068
39138
39341
39423
39586
39643
39723
39754
39775
39922
40066
40097
40159
40310
40495
40541
40565
40749
40817
40916
41055
41130
41258
41329
41341
41541
41759
41838
41845
41993
42252
42343
42425
42447
42958
43039
43889
44037
44106
44113
44208
44236
44365
44568
44591
44600
45367
45390
45706
45948
46017
46110
46420
46499
46570
46588
46721
46879
46893
47024
47030
47053
47160
47223
47418
47425
47472
47552
47592
47796
47961
48057
48064
48260
48309
48392
48474
48482
48695
49056
49134
49580
49843
49947
49970
50049
50086
50154
50206
50237
50525
50561
50622
50963
50969
50987
51007
51122
51182
51296
51497
51510
51534
51789
51865
52155
52157
52203
52304
52343
52621
52684
52922
53071
53166
53375
53769
53811
53900
53927
53980
54126
54311
54363
54397
54397
54445
54790
54880
54983
55144
55159
55267
55681
56041
56060
56085
56460
56463
56618
56689
56738
56811
57014
57075
57141
57162
57198
57233
57439
57658
57775
57816
58073
58132
58228
58441
58486
58922
58996
59528
59651
59695
59696
60104
60377
60423
60474
60762
60964
61171
61222
61281
61306
61340
61534
61579
61654
61685
61703
61840
61962
62167
62247
62351
62364
62429
62472
62496
62585
62608
62844
62921
62933
62993
63242
63304
63319
63382
63386
63671
63675
63711
64344
64396
64742
64841
64859
64872
64886
65120
65226
65254
65483
