177 121 7
7 14 10
86 212 11
91 82 22
29 103 8
42 1 15
107 100 16
53 169 12
88 104 7
167 55 18
188 213 8
83 208 1
5 79 21
39 93 -0
71 58 5
102 228 5
76 41 9
111 153 24
82 35 22
35 39 17
68 210 2
127 48 5
196 234 9
241 89 19
166 2 11
48 208 5
34 207 23
140 132 -1
26 116 0
202 21 24
199 93 8
189 128 28
187 236 22
184 107 23
62 198 2
198 218 7
104 202 27
212 120 9
36 187 2
232 4 20
38 85 13
10 53 11
95 153 5
71 81 -8
83 49 3
161 210 24
91 175 4
183 81 28
180 230 17
81 144 -8
187 106 20
66 50 6
48 46 30
10 3 -0
96 206 -2
181 69 22
178 98 29
118 175 27
32 207 21
167 109 8
65 174 -6
89 216 28
236 154 -2
1 240 -3
103 43 19
186 153 28
81 167 20
3 41 13
215 37 -2
219 35 16
20 23 16
182 223 24
5 208 26
20 87 -3
68 23 -5
165 81 13
78 17 24
11 22 -6
163 176 22
140 100 -8
44 127 3
129 66 0
231 176 29
232 212 -4
24 43 19
188 97 23
104 98 5
94 127 29
224 43 22
129 102 10
54 2 8
70 223 -8
69 105 7
25 179 -6
92 25 24
178 21 -6
101 191 -1
59 225 30
135 56 5
16 110 12
26 51 28
92 26 -7
232 21 -1
22 242 -2
220 108 22
123 62 -7
62 178 11
73 94 20
148 143 21
35 189 4
30 173 -1
29 231 11
9 185 -7
15 43 8
189 122 14
177 73 -5
219 210 18
47 162 25
76 167 -6
57 29 -5
4 149 6
27 89 -1
158 99 -6
88 47 4
209 202 25
117 230 15
39 220 8
79 146 11
145 104 5
219 3 -3
183 12 12
175 127 7
33 118 15
189 4 5
145 112 -1
241 7 -8
4 187 -3
203 105 12
35 234 -2
230 138 8
84 213 27
147 140 23
17 116 29
194 145 25
68 228 -0
9 4 4
199 69 24
189 19 -5
32 163 22
30 153 19
83 23 6
95 163 8
65 27 -5
9 154 24
93 42 3
137 75 26
71 83 4
6 207 7
68 54 25
152 199 10
58 139 11
45 143 18
189 162 3
205 41 23
160 111 30
55 88 21
142 29 27
233 65 19
79 182 16
32 149 27
180 82 21
226 86 -2
90 116 24
30 89 29
39 178 11
211 120 27
119 15 12
49 239 19
62 18 18
171 96 29
187 181 19
118 169 20
225 3 3
152 133 25
55 98 -3
200 76 7
42 119 21
224 243 24
189 233 11
224 199 30
55 235 17
107 83 -4
160 215 18
243 91 15
13 45 6
70 62 -7
39 142 27
224 114 0
27 178 -5
18 201 13
157 193 8
114 87 12
98 36 26
197 38 -5
15 88 -5
17 121 -1
231 121 16
141 105 4
242 22 -4
46 187 13
232 124 8
157 226 19
102 135 17
29 55 28
67 167 13
14 69 -4
6 210 8
149 68 4
228 157 20
175 127 -1
12 174 -2
210 119 1
13 55 -0
198 101 7
75 68 -8
214 83 16
127 169 13
117 177 27
110 144 12
83 16 -2
96 58 -1
95 35 30
144 196 22
23 196 8
96 164 1
218 102 7
122 88 8
222 28 -5
39 22 23
72 46 -5
204 224 26
192 189 25
225 207 -4
52 243 -5
87 182 9
169 13 26
227 5 14
106 197 29
149 167 14
168 225 4
194 205 23
211 141 10
109 187 16
175 209 0
189 96 -6
114 30 -5
151 108 15
168 54 16
41 30 8
66 17 18
123 122 0
51 93 -5
110 41 1
196 195 -2
164 1 19
65 125 30
5 69 7
152 75 -7
164 159 16
98 112 -1
216 152 14
118 95 12
117 68 5
221 36 19
77 126 5
68 127 13
210 134 10
206 114 -8
200 156 -3
143 94 18
240 50 7
61 10 0
183 219 -4
75 13 8
6 71 3
67 16 16
241 23 -5
93 233 -5
242 129 22
64 208 20
159 151 7
175 187 29
175 23 15
179 99 6
27 238 21
33 8 19
143 32 12
126 8 -4
155 55 -4
223 34 -0
88 185 19
105 12 18
194 52 24
73 237 15
146 66 22
203 94 16
22 15 -4
143 51 1
193 206 4
14 150 4
74 179 27
14 35 -6
66 240 19
74 164 11
117 217 12
178 60 9
98 150 24
127 104 10
31 94 20
161 219 7
104 206 -4
209 133 7
233 195 12
60 24 19
184 84 -6
236 132 1
168 109 24
146 24 10
115 149 6
31 157 8
116 142 13
167 106 10
102 165 -1
86 47 24
50 221 14
48 240 6
51 230 -4
29 78 6
153 19 -5
235 4 -1
237 174 28
215 219 23
181 154 -3
185 66 29
205 47 15
65 239 18
79 100 1
235 151 28
81 225 12
206 154 -8
206 38 29
108 57 25
227 229 17
39 120 -5
3 118 16
204 130 -5
84 219 3
31 118 16
136 18 -7
52 186 -2
159 118 20
101 42 12
102 72 -1
173 67 27
224 72 0
157 229 5
81 100 -2
175 102 6
53 114 20
78 77 -7
40 210 13
47 136 0
209 135 27
43 20 12
52 86 -2
183 82 24
207 205 21
79 74 5
108 82 16
194 195 15
227 146 15
107 24 15
39 182 -7
195 85 7
56 66 28
8 58 17
180 206 27
80 138 26
23 57 19
57 67 9
15 217 23
195 125 24
109 197 -1
17 220 5
237 171 14
75 120 -1
51 100 10
150 120 -1
193 138 14
164 201 22
53 125 17
165 50 -6
26 119 18
169 9 17
198 8 -6
235 144 21
202 51 -7
215 148 26
139 25 19
224 58 -5
24 204 5
23 223 -3
171 28 1
32 43 29
154 226 29
238 217 23
78 240 27
139 169 18
74 178 16
82 228 11
154 175 30
211 116 20
54 144 6
93 174 -5
53 28 20
108 199 12
121 118 12
186 167 23
38 218 24
216 169 28
234 3 10
231 74 -1
96 134 -1
190 151 15
204 131 29
186 6 27
95 131 13
84 5 3
238 200 1
196 183 21
18 115 0
162 188 9
194 141 5
182 78 8
122 89 23
185 41 -7
138 89 1
189 210 27
153 11 24
196 234 24
133 5 -2
61 119 4
218 93 20
208 167 15
144 136 14
13 216 27
121 139 11
184 172 22
219 124 23
21 158 17
124 48 15
5 116 3
49 25 29
91 232 27
177 90 17
156 209 -1
239 238 -1
95 75 4
30 204 16
212 12 3
193 212 4
208 82 26
202 74 29
240 218 24
79 127 11
60 64 25
47 229 19
6 197 28
65 25 2
65 240 27
223 29 21
118 128 17
243 26 1
7 21 23
216 136 8
115 224 7
38 15 10
159 214 2
86 120 14
25 83 29
87 201 25
162 231 29
37 158 12
178 238 11
121 123 13
115 220 24
139 133 24
156 200 -3
65 212 2
121 200 5
210 190 20
169 215 18
126 8 4
185 239 6
24 214 5
114 158 10
181 172 25
219 231 28
25 105 13
74 222 28
31 239 24
122 108 2
186 61 5
162 153 -2
151 146 29
47 3 8
103 131 25
232 127 27
33 225 22
136 43 5
12 146 -5
48 2 21
124 197 15
104 143 13
226 69 18
148 57 16
93 24 20
15 130 20
133 34 5
128 187 2
218 12 1
179 4 27
146 201 9
208 203 21
25 43 8
136 192 19
74 75 17
228 227 27
102 215 20
7 50 4
58 132 26
183 178 3
218 195 27
178 207 30
70 115 10
193 211 24
56 155 5
133 54 -5
81 35 30
164 36 2
170 189 15
140 122 27
170 81 2
220 202 5
120 178 21
65 9 12
168 194 5
204 184 6
237 169 21
213 122 -4
95 48 -5
17 162 28
144 40 27
162 95 6
66 38 -4
154 13 6
189 169 18
157 17 27
158 139 13
71 231 14
192 27 5
71 138 4
234 33 -7
103 28 8
109 196 27
87 218 5
68 71 3
232 138 -3
77 5 15
63 75 13
12 221 27
72 145 0
28 142 24
182 211 7
65 203 21
205 36 0
185 13 26
63 214 9
169 103 26
24 36 6
175 55 18
157 75 14
215 186 23
90 77 -2
41 5 -2
44 202 13
107 242 14
82 238 25
79 148 15
24 141 11
126 88 4
11 212 6
126 201 23
10 68 12
93 116 13
142 17 20
228 3 17
5 205 30
76 24 18
161 123 15
81 203 21
83 159 14
191 151 22
56 165 27
16 202 21
228 107 2
15 14 28
15 54 25
127 215 14
238 138 -2
12 47 20
110 19 14
193 47 21
203 235 -6
45 93 8
101 178 26
219 30 25
96 149 28
143 58 5
80 190 -4
67 75 11
88 72 -4
154 216 25
108 80 -4
161 32 16
117 129 5
94 52 4
92 221 24
233 103 14
40 119 10
117 20 16
235 234 2
226 117 -4
4 42 6
5 15 12
107 197 -2
13 3 -3
209 48 25
200 173 2
117 122 5
159 201 3
63 41 19
165 206 -7
65 73 -8
209 142 -5
107 237 3
219 209 25
223 176 -5
218 164 27
126 195 -3
152 196 18
27 86 0
4 6 4
120 136 11
99 58 -8
243 89 -6
243 103 26
73 155 -5
124 206 15
206 212 5
141 231 27
125 217 17
7 29 2
4 175 7
164 157 -2
208 17 20
209 189 -7
184 77 29
57 87 11
128 30 17
126 63 13
152 96 9
123 238 7
77 81 1
8 136 4
12 188 16
