143 5 12
494 412 2
144 182 9
413 321 17
694 593 28
702 612 26
570 708 24
563 399 21
364 197 5
82 10 16
668 366 14
624 180 7
143 318 19
277 9 28
146 444 8
462 200 1
81 663 13
708 626 21
688 313 -1
470 160 10
313 393 1
610 500 29
106 528 2
122 271 17
667 488 5
351 143 5
291 193 5
380 449 12
669 486 3
486 396 0
73 286 25
678 667 -7
165 200 25
604 62 23
674 118 9
591 25 21
527 556 20
104 480 -3
529 46 29
563 86 25
500 576 14
691 309 9
522 269 -3
179 563 2
135 584 12
191 295 18
58 281 -9
23 174 5
353 241 13
297 373 3
342 682 0
458 256 13
214 698 22
77 266 27
389 368 23
667 171 26
446 552 13
644 579 28
236 57 -8
164 678 19
533 581 15
257 425 -2
274 51 18
214 472 26
246 129 -7
609 128 28
679 322 15
482 151 3
584 598 12
212 565 -7
715 337 -0
682 670 4
185 556 25
512 399 -6
166 156 20
513 407 1
272 86 -5
558 695 23
422 556 21
253 313 21
473 376 6
576 200 18
157 3 9
703 598 6
135 585 13
502 527 23
640 25 4
701 471 25
327 412 29
482 4 6
130 724 6
416 681 21
639 548 2
138 520 25
380 376 -4
302 26 28
285 553 12
336 172 24
614 353 23
77 189 6
426 10 1
305 477 21
209 290 23
622 308 1
236 150 20
35 579 15
538 518 6
19 56 16
5 635 8
311 305 20
84 25 6
81 284 -4
438 662 12
271 379 7
145 443 3
397 518 -1
296 286 21
647 214 19
238 721 24
270 653 4
322 86 23
81 651 -6
387 463 11
102 692 -3
473 316 15
699 316 4
485 649 27
581 645 20
309 362 27
107 230 23
353 248 -9
605 361 3
224 109 2
657 28 -5
391 649 24
49 64 29
127 137 11
50 487 12
600 227 11
206 627 3
586 530 12
92 41 -3
278 538 11
152 507 1
135 660 8
536 671 -0
554 231 24
712 341 -8
498 101 -2
600 69 26
118 394 21
53 100 -5
349 247 4
267 257 12
476 367 -5
570 492 12
455 14 7
32 540 5
404 527 13
602 181 24
383 691 24
711 85 22
388 99 -4
687 110 15
563 681 3
721 116 9
396 86 -8
507 267 24
345 607 11
186 697 27
128 609 19
648 62 6
514 446 15
65 148 14
483 429 26
663 675 29
536 295 13
186 684 4
119 540 25
185 49 28
485 105 20
349 632 27
356 236 17
210 557 28
486 642 -4
374 369 11
456 344 9
349 500 8
244 215 20
652 478 10
264 661 -4
397 586 17
135 524 22
704 506 16
626 438 8
155 470 0
377 276 13
38 449 2
302 54 23
245 153 3
254 229 12
36 641 26
169 149 -8
155 187 17
150 607 18
512 322 28
133 693 28
240 431 23
186 398 25
379 490 3
416 248 3
177 718 21
114 297 9
624 698 -8
200 580 30
392 692 1
468 365 17
633 81 8
709 409 1
417 467 2
558 477 27
517 583 25
705 598 -6
459 129 -5
399 416 17
410 78 7
147 590 10
492 233 10
134 548 21
469 679 -10
320 716 17
490 42 26
613 615 28
577 497 1
559 369 5
400 216 13
9 218 23
590 677 25
594 710 -3
475 715 12
40 474 -9
324 113 14
218 141 26
316 685 9
726 183 0
698 162 3
456 594 25
259 322 27
684 557 1
101 110 28
200 67 11
196 129 24
489 153 29
54 387 30
122 187 5
382 713 11
152 31 16
486 573 4
695 523 -6
302 539 -0
35 304 4
338 377 19
590 316 -9
704 131 15
94 408 29
298 213 13
446 188 10
125 438 -4
497 504 17
364 348 18
310 85 13
720 467 14
322 344 9
574 729 20
398 252 17
627 168 10
660 52 16
573 22 -4
643 120 16
72 162 3
165 273 16
474 650 14
344 116 22
512 418 25
108 449 19
147 292 12
275 105 18
243 631 12
254 534 6
447 520 -3
369 185 1
187 693 -5
724 500 -2
390 154 8
229 141 26
295 475 19
576 94 5
16 79 -2
88 660 6
211 194 19
658 57 5
370 222 1
664 487 6
197 460 22
609 59 10
453 268 14
428 672 -8
454 595 7
263 189 24
347 288 6
229 495 6
49 4 1
178 323 -0
442 70 25
315 381 9
318 287 19
70 720 2
44 480 14
637 421 21
122 557 28
104 583 0
478 663 7
63 226 -9
565 122 9
382 624 15
177 203 16
94 143 10
89 303 6
34 74 13
577 8 13
58 31 20
337 419 -5
623 190 17
477 377 24
585 445 1
719 130 21
516 50 9
272 693 -3
514 496 21
587 533 28
65 415 -0
51 361 8
564 282 -6
631 55 22
258 267 6
500 558 13
441 135 -4
143 379 10
473 595 28
240 349 26
310 258 7
591 577 8
517 74 3
219 613 6
73 455 7
256 258 3
630 65 30
642 722 7
715 62 6
317 585 6
139 115 -3
271 700 7
282 585 10
147 89 1
607 639 16
258 633 15
316 333 18
247 32 0
109 110 10
167 722 3
454 359 16
569 679 29
170 40 21
18 226 6
430 640 8
114 27 12
97 701 17
440 372 21
526 666 6
536 419 18
645 527 1
619 659 -5
201 573 -10
360 427 9
271 577 4
558 546 22
587 230 7
427 367 -4
496 541 2
164 390 5
155 509 24
501 494 8
649 559 6
185 463 28
617 393 29
92 447 1
466 584 24
692 449 25
575 44 15
445 250 8
417 386 18
5 245 3
440 420 11
181 170 4
225 114 12
513 555 19
361 108 4
706 331 3
38 215 16
676 7 4
195 684 11
689 70 15
470 337 17
346 510 27
575 292 -7
7 649 10
108 447 14
500 712 20
394 412 -3
398 130 12
352 286 18
80 181 -9
413 99 18
254 604 5
601 94 28
347 76 14
715 165 7
46 400 5
161 639 9
416 243 -3
215 271 6
255 574 0
367 365 -5
658 66 7
359 246 30
41 46 12
129 256 10
299 514 2
475 472 13
357 105 2
684 17 8
656 138 9
482 366 18
607 151 18
629 610 13
258 491 5
289 13 8
45 352 13
421 87 1
536 123 2
664 118 11
364 258 4
250 328 22
186 615 21
627 666 0
407 556 5
706 17 1
677 676 10
301 418 8
55 653 27
709 645 22
272 560 15
77 130 9
180 335 2
647 454 26
506 344 17
175 360 19
638 502 2
531 25 23
529 67 17
480 2 19
515 600 20
4 448 11
609 315 8
454 684 9
215 20 18
407 133 22
82 312 8
163 164 -7
391 503 17
437 225 23
647 329 28
110 105 6
726 592 27
164 686 19
698 11 2
122 324 12
485 405 18
245 235 5
375 636 20
337 107 28
482 689 25
93 430 30
397 477 -1
97 121 4
306 475 6
459 707 -7
373 618 11
682 388 -7
447 387 26
726 343 10
701 549 -4
459 676 13
179 656 6
316 256 22
305 622 3
662 545 2
93 166 5
718 616 4
164 167 16
528 550 6
625 294 10
212 250 27
700 108 7
285 185 7
446 592 10
569 199 25
226 123 27
709 715 8
593 496 16
694 45 21
308 347 4
270 52 15
477 282 -3
643 456 1
595 656 -1
437 570 7
366 423 1
305 501 8
358 724 20
672 111 1
388 236 -7
574 87 -7
69 70 0
74 422 22
198 344 27
691 652 4
712 114 7
527 57 10
487 241 25
631 152 17
316 155 10
190 30 25
312 717 9
623 157 -8
584 291 14
651 45 10
101 326 28
565 540 10
224 106 29
147 374 23
307 591 20
37 190 20
208 129 -3
66 220 2
31 74 27
224 254 1
606 395 24
8 65 10
622 467 -5
249 375 14
263 8 19
288 524 13
489 506 17
102 421 25
286 590 10
232 28 2
602 234 30
79 303 10
685 628 23
301 469 20
568 288 10
317 277 29
138 491 -8
58 55 -6
664 453 20
265 439 -6
641 497 15
383 712 9
307 397 9
649 238 7
278 469 13
268 511 20
160 280 -6
647 657 9
291 64 -6
104 28 -5
595 190 4
335 237 -6
189 537 26
513 654 16
321 542 13
19 384 -4
235 701 14
313 181 15
199 412 1
117 437 4
577 498 11
400 439 0
227 221 7
653 236 -8
268 115 -7
240 436 9
449 421 12
143 596 24
239 159 2
130 126 -10
335 484 12
584 228 15
318 525 5
61 101 9
425 364 23
404 264 -7
27 117 -7
121 252 23
672 34 0
279 232 -1
379 172 5
232 280 -10
389 202 5
498 348 22
242 689 21
150 246 6
484 295 23
689 280 9
99 248 -1
224 425 21
543 364 7
436 390 -9
39 138 5
447 674 7
181 556 10
260 644 1
17 339 9
426 427 8
64 343 28
489 539 14
416 206 10
671 98 1
199 642 16
591 174 4
98 603 17
78 315 26
584 301 3
226 648 2
60 226 -6
712 549 -2
171 603 29
133 372 16
614 233 6
180 593 1
67 634 15
721 209 24
334 70 26
410 325 14
257 527 17
39 283 8
10 577 -4
678 468 13
323 20 30
512 62 5
687 416 11
13 676 4
190 106 -9
348 451 7
415 266 0
554 596 16
184 415 6
295 720 27
57 477 6
148 146 7
649 63 4
480 93 10
463 720 5
12 702 2
135 637 21
19 560 -5
580 415 12
220 41 24
355 585 5
360 347 4
44 322 29
521 674 2
1 188 1
524 113 28
336 20 16
513 172 6
576 587 6
7 42 10
183 645 3
68 273 28
572 146 25
12 224 10
609 75 -6
51 158 13
139 242 5
57 467 14
548 445 -8
107 231 18
285 57 21
335 369 23
146 401 26
236 540 17
699 683 26
116 5 25
522 118 16
172 669 6
592 61 11
572 259 -9
542 202 -5
542 143 13
63 261 30
222 209 4
334 66 27
397 91 9
310 343 8
164 382 28
260 251 15
65 425 24
307 249 3
40 607 12
728 628 15
139 191 23
197 27 7
80 269 -8
693 344 22
480 242 21
640 510 17
666 219 28
22 183 6
334 548 -5
310 311 16
356 535 26
663 340 -4
659 74 11
459 421 9
631 330 1
487 492 22
257 209 7
164 531 -7
125 641 4
3 25 11
357 544 1
351 505 8
203 639 22
560 176 23
551 603 13
219 583 21
353 585 4
292 70 9
277 462 24
371 645 4
560 215 6
283 189 21
469 408 28
224 606 5
301 540 16
89 135 -7
524 621 7
382 506 28
282 51 14
367 683 8
52 403 0
435 388 18
464 238 28
249 534 3
167 221 7
267 154 17
27 111 -10
131 73 7
87 132 14
506 612 26
528 247 14
1 548 20
486 659 6
693 377 25
485 313 16
18 167 13
37 275 -8
309 726 15
106 210 6
243 96 -1
203 373 9
707 535 17
194 231 1
295 47 18
196 633 28
569 481 8
518 107 1
553 474 22
172 142 7
312 657 14
113 715 -3
13 394 -0
409 192 25
291 329 -5
131 4 1
573 282 1
226 403 1
385 651 -9
227 191 6
639 525 16
62 39 18
349 565 30
86 530 25
519 286 -8
399 418 18
692 277 -6
493 269 22
202 530 7
340 624 16
484 485 16
454 471 18
71 428 9
541 239 -5
623 171 22
494 424 23
517 562 15
71 152 3
282 543 10
40 343 -4
576 719 6
136 281 14
251 719 25
59 379 7
597 526 18
118 189 19
569 704 5
708 677 27
275 118 -7
586 54 6
109 149 22
643 396 -5
362 342 10
114 208 -9
497 662 13
449 252 28
443 395 -5
563 55 -6
200 324 16
711 504 -1
331 49 -0
314 416 3
364 329 26
43 13 7
323 560 8
173 405 -2
145 14 27
374 249 22
466 451 -3
100 105 -1
193 11 22
524 424 10
366 453 3
118 438 7
265 245 20
88 595 28
525 286 9
199 643 -2
496 4 -3
494 597 2
191 252 3
353 225 24
352 216 10
297 182 14
634 600 13
638 184 9
266 296 -7
427 477 -2
588 657 6
545 715 12
149 394 7
135 30 9
180 674 27
637 235 8
316 37 1
216 176 1
317 54 -10
429 440 23
522 357 27
130 645 10
649 153 16
259 492 2
658 701 -4
418 615 1
330 433 12
349 438 20
538 359 3
428 487 -1
530 281 8
287 188 15
647 377 -1
701 350 -7
422 703 4
237 64 -5
31 150 9
290 136 6
533 603 19
443 223 5
525 406 21
183 650 9
39 640 13
554 300 1
573 48 -4
62 618 -1
559 173 17
569 42 0
578 614 -6
594 71 17
432 134 -2
365 47 5
424 411 12
91 640 -6
577 223 12
196 476 11
569 163 15
632 26 -4
589 470 1
249 394 22
158 727 7
78 306 5
586 694 1
374 724 16
327 146 10
427 635 6
228 509 5
149 165 25
465 438 16
354 15 8
75 520 9
47 382 -0
527 534 16
177 388 10
512 632 7
399 224 21
561 5 0
532 138 0
409 665 10
196 653 29
253 613 19
557 188 -4
409 153 15
84 254 20
434 315 4
304 436 2
313 276 -1
91 704 -3
249 237 9
265 422 -5
441 110 22
492 466 4
157 446 29
110 248 -2
90 19 10
188 533 -1
26 267 10
620 316 7
531 91 -10
302 668 -2
107 235 20
400 14 3
589 675 4
265 475 17
346 317 14
328 545 6
520 45 22
590 159 18
162 551 29
218 166 26
715 619 14
514 131 29
293 212 9
275 724 14
243 292 5
535 685 22
396 721 7
404 212 1
101 657 0
499 608 21
210 486 18
671 478 7
91 180 5
552 82 25
324 695 20
648 583 2
620 189 1
474 365 9
710 39 -2
630 302 9
346 203 27
661 200 11
238 674 14
465 191 25
683 548 8
295 460 3
646 245 20
450 133 24
66 314 13
525 712 17
93 492 8
622 542 -5
38 107 9
264 267 12
637 12 11
376 178 12
428 618 2
511 659 5
630 240 5
153 65 2
281 446 -10
584 155 1
362 338 -3
73 592 20
289 18 22
655 722 2
112 313 6
557 336 1
713 486 8
114 228 28
660 290 23
259 578 6
504 513 19
53 544 9
261 419 23
626 453 27
328 146 8
77 657 8
377 72 22
308 216 7
570 655 3
668 567 -2
494 129 25
432 674 20
366 614 1
628 141 9
268 339 20
429 214 3
44 497 2
538 170 24
289 498 13
159 531 5
119 67 -6
435 419 9
101 162 17
8 65 6
602 140 16
137 726 29
58 3 -3
67 231 -5
551 511 27
675 187 19
80 229 17
459 215 23
603 422 14
65 311 1
15 386 8
656 671 25
353 28 -8
594 313 9
677 81 15
101 166 19
104 120 4
637 338 19
226 253 11
125 559 2
614 583 -5
341 464 16
391 187 5
719 2 21
82 620 -3
465 492 12
96 15 15
658 244 18
671 559 24
405 377 12
239 15 27
666 234 7
317 335 29
572 405 25
170 371 8
181 487 16
45 410 26
390 520 2
356 708 -5
584 668 15
494 280 9
509 212 3
260 201 27
406 568 7
388 283 12
281 622 24
548 621 6
496 171 6
431 212 16
53 114 3
110 717 -4
235 607 8
637 438 29
576 300 24
491 127 1
292 53 1
696 707 11
622 209 18
284 601 7
497 628 14
341 389 14
110 476 24
176 702 1
160 262 5
425 595 24
236 495 -2
20 177 -5
440 8 25
399 86 21
442 386 21
355 326 14
727 173 3
227 575 15
198 406 20
150 723 25
628 356 5
94 287 6
597 580 20
627 716 -3
363 208 21
636 327 17
519 642 -1
460 580 11
461 6 15
672 28 24
717 398 9
489 384 13
108 171 -6
25 274 4
157 482 21
245 91 12
408 358 4
291 65 25
36 3 -7
366 161 3
325 468 -9
225 416 1
627 409 2
394 24 21
259 457 -6
63 470 1
297 398 -6
339 617 21
163 583 14
51 640 3
528 519 15
156 123 26
217 666 0
420 562 6
556 245 2
599 650 23
355 614 -8
343 147 8
365 559 -0
553 392 5
214 284 4
594 79 14
513 136 12
4 35 4
115 333 29
481 682 19
626 388 6
287 20 -6
505 457 11
716 476 3
670 435 9
376 370 -6
462 50 29
278 106 21
67 641 25
169 361 17
62 440 23
721 369 -1
337 237 22
559 468 0
545 25 20
343 44 6
327 653 -10
586 283 -3
438 96 3
312 579 9
228 591 5
226 175 2
525 346 -5
501 93 18
404 10 17
641 299 -1
48 156 4
650 574 20
456 6 -6
45 617 23
716 599 6
653 514 2
221 558 24
396 560 13
254 599 4
267 441 11
375 61 3
585 375 10
348 387 8
723 395 22
273 274 12
618 579 7
25 254 1
567 377 -1
243 225 22
190 729 28
474 398 0
705 367 24
426 50 9
632 319 -4
381 127 24
301 33 3
394 136 12
210 289 22
496 114 9
297 491 3
99 132 8
425 635 10
91 560 8
687 341 12
236 307 0
526 666 13
606 222 15
46 343 5
173 616 -6
443 133 20
605 277 18
502 51 4
35 637 21
499 69 18
655 380 14
43 381 3
72 392 12
291 364 -1
652 403 -4
489 141 11
602 301 2
634 151 14
460 131 9
418 485 13
334 441 -4
323 26 9
63 718 6
22 177 8
589 193 18
492 575 -0
204 27 -1
141 65 5
288 576 12
462 46 12
165 196 6
30 193 3
65 150 -3
236 237 24
443 18 4
313 156 11
656 704 4
383 84 26
606 175 -5
378 163 24
289 476 1
151 688 -0
526 641 4
267 92 -4
405 51 22
467 30 7
550 257 19
329 547 20
16 697 7
144 293 22
190 511 -6
377 375 9
182 372 26
465 68 20
506 439 6
555 8 13
191 653 5
143 42 21
613 138 23
156 172 24
526 48 9
436 112 7
110 280 15
418 132 26
293 27 21
248 121 25
401 58 3
624 597 26
331 133 6
259 619 16
303 172 -5
235 185 24
662 613 26
693 179 -4
515 153 -4
68 565 19
590 220 12
198 570 -5
501 653 23
666 137 11
69 610 22
217 634 7
562 536 -1
379 303 24
450 344 15
87 468 18
409 551 -5
698 662 27
531 201 22
674 267 17
39 565 7
529 465 23
60 35 30
528 213 3
34 401 27
427 659 14
220 515 1
303 719 18
699 287 18
145 411 28
361 212 -8
66 175 -5
613 522 16
470 377 21
6 19 -8
699 661 17
164 161 7
168 196 21
568 588 4
724 47 -2
399 143 26
75 314 6
41 19 13
166 468 -0
226 19 19
593 416 15
624 239 8
106 717 21
156 503 4
20 165 -4
246 235 15
494 262 1
697 605 -9
37 220 29
519 435 -5
169 378 -1
117 392 6
543 265 29
708 371 -4
270 377 18
478 504 -5
497 721 19
93 536 26
706 517 20
177 457 -1
389 325 1
607 312 19
498 356 22
377 327 6
299 452 22
106 630 -8
179 484 3
510 485 1
305 459 28
112 63 4
593 361 4
71 292 3
637 194 23
376 660 -4
120 585 11
544 96 5
314 132 28
115 3 28
62 691 30
630 98 5
567 422 5
195 441 17
208 574 -5
443 630 7
35 392 5
610 438 10
707 98 26
547 107 18
674 343 11
79 530 15
663 542 5
598 253 -5
470 43 7
729 304 18
157 346 18
723 42 14
17 458 20
289 276 13
411 241 6
412 456 30
343 243 14
324 657 27
147 576 25
144 18 -6
622 618 1
504 422 8
277 68 -4
139 529 20
187 333 6
217 362 18
654 131 -6
723 597 17
62 580 6
253 237 7
65 217 22
460 552 2
184 465 5
311 291 25
372 675 26
204 717 21
393 493 2
586 346 -9
90 81 -3
548 709 0
350 339 9
729 487 5
341 30 9
395 463 30
65 518 -6
708 361 23
454 549 28
328 260 23
664 414 3
661 366 -2
93 566 4
188 479 17
440 553 27
138 578 -4
194 12 27
127 531 23
371 458 -3
457 607 13
303 120 -7
69 717 29
256 590 1
386 460 26
724 528 16
77 177 6
460 507 7
441 443 -4
565 10 9
342 712 -7
107 666 -4
159 350 29
636 445 -3
687 220 19
79 556 1
367 243 0
223 178 10
566 279 10
531 43 -8
196 432 13
561 198 25
614 105 -2
294 474 29
686 671 11
12 674 16
448 238 -2
116 679 6
278 307 8
310 430 2
497 160 12
282 717 15
186 715 2
561 177 3
133 556 -10
728 30 -7
235 421 28
88 511 -3
567 387 18
702 358 17
287 175 5
493 278 21
217 157 0
168 418 -2
613 713 22
285 101 24
454 80 2
595 438 23
698 340 10
362 662 3
616 502 -4
397 12 1
439 135 16
324 582 -7
498 650 22
491 209 13
670 583 20
447 639 16
170 138 29
105 292 29
127 510 18
549 475 -5
56 98 23
54 522 19
186 658 27
113 472 -6
139 108 21
472 234 5
575 353 10
7 575 12
718 700 -5
6 348 -6
592 370 12
80 424 -6
671 552 -4
22 571 26
443 164 0
527 115 24
57 428 8
529 379 11
669 618 19
509 407 10
647 187 21
440 382 7
713 186 2
590 103 17
706 22 27
322 505 2
511 418 26
445 387 5
287 142 11
97 331 15
474 153 7
407 348 5
216 529 16
36 29 21
516 459 11
93 575 15
656 706 3
41 10 14
193 661 25
57 674 27
680 182 2
6 705 14
93 379 7
729 176 13
236 163 20
16 331 14
134 708 6
164 95 27
697 118 -3
97 7 4
255 484 14
672 107 23
289 147 5
640 200 10
438 159 0
382 429 2
68 104 13
698 225 22
392 362 7
592 7 10
396 397 17
511 286 20
719 403 11
66 475 16
693 52 6
36 592 -2
693 53 9
141 78 15
147 716 25
247 429 -3
17 238 18
266 725 12
357 308 27
129 192 14
606 626 28
19 436 25
487 2 5
531 625 8
42 7 -1
443 588 10
7 10 23
475 399 -3
322 290 26
446 211 24
112 380 -7
107 329 28
712 663 28
533 35 28
16 259 3
235 153 -2
270 137 4
149 150 21
359 84 25
110 254 28
616 454 0
387 153 23
436 322 20
229 227 4
250 656 9
335 632 29
49 56 7
215 301 17
503 662 6
107 67 6
714 677 30
722 641 11
107 219 16
308 5 -5
504 727 15
440 425 6
661 201 -9
120 416 12
253 390 3
347 194 22
255 378 -5
421 632 21
409 709 7
701 634 3
354 39 6
347 171 26
408 717 17
510 324 22
657 209 25
206 421 26
513 659 28
454 295 16
210 333 5
663 7 28
573 717 -1
683 656 21
651 331 26
245 2 10
452 424 4
340 318 1
89 514 -1
683 475 0
386 92 11
665 297 -3
174 9 16
236 136 4
469 559 7
285 103 21
39 326 1
576 262 -0
487 230 21
450 327 11
60 718 28
195 517 9
439 726 3
696 98 20
172 13 15
130 541 15
291 139 14
311 259 18
439 206 15
67 300 20
695 596 16
137 152 28
710 97 10
263 611 -4
713 497 7
103 179 6
185 469 -5
134 46 2
301 521 17
357 728 -6
579 520 26
420 700 25
347 573 -5
393 182 17
30 6 8
337 397 24
524 728 2
436 454 17
708 194 11
484 443 10
111 682 2
95 407 28
664 251 7
671 319 4
102 539 11
36 171 30
188 130 -4
687 115 -3
290 531 4
280 493 1
557 36 19
117 509 17
619 14 -4
245 592 -9
462 422 27
23 644 20
460 114 14
568 397 4
321 283 15
80 284 6
61 158 16
456 361 12
229 523 -2
620 319 7
59 663 19
554 331 11
506 313 11
514 363 -9
119 345 9
239 474 10
549 346 -0
85 365 24
633 451 27
403 537 29
636 347 16
711 577 0
451 381 10
201 724 15
9 477 8
697 391 -7
507 565 -2
111 295 0
463 21 21
149 627 -10
683 636 8
166 679 23
111 440 -5
720 147 3
702 191 -2
628 77 -3
316 69 3
350 523 28
595 166 12
307 578 21
5 231 24
62 604 9
331 635 9
702 474 3
215 651 -2
243 446 25
526 46 5
105 530 3
552 580 12
602 190 -2
491 302 -6
155 686 1
727 261 6
636 47 18
589 564 7
363 136 14
386 665 2
165 380 19
382 526 4
165 666 29
236 676 7
158 274 9
349 441 16
364 440 21
608 218 0
253 278 -3
32 207 29
587 340 22
497 212 3
601 605 3
97 51 -2
41 279 17
613 297 2
576 349 1
722 158 15
21 597 6
552 682 -7
121 635 20
224 349 3
266 711 15
311 136 9
665 443 20
557 334 15
483 143 2
617 223 27
46 232 10
5 442 -6
50 340 23
59 271 26
651 685 15
219 666 4
86 705 12
109 420 -7
554 313 4
297 5 27
458 19 24
56 436 2
517 97 22
654 684 1
185 227 16
657 606 12
118 25 13
655 627 24
503 660 -6
707 138 25
298 376 19
673 197 8
239 106 -2
40 218 4
462 626 19
144 626 2
19 102 13
424 215 12
372 635 19
464 392 29
595 144 9
578 616 20
305 235 11
204 646 30
480 396 -5
381 345 28
30 62 -5
494 77 -5
199 615 27
267 647 28
589 355 17
693 353 12
283 42 -4
712 45 18
73 141 6
673 260 13
3 681 30
597 422 9
637 41 15
568 185 -4
661 553 22
257 180 -7
634 720 3
446 259 0
729 670 -7
203 700 1
215 694 10
632 441 6
243 177 -10
153 135 5
338 117 27
432 544 1
8 300 20
73 163 29
527 505 13
37 328 9
238 470 -5
216 596 12
672 654 18
512 646 18
74 237 -0
188 148 10
158 40 12
238 624 8
257 599 17
616 83 27
80 703 16
102 585 3
151 58 -0
34 512 5
418 584 3
619 229 13
232 457 29
14 85 1
307 61 13
501 153 2
108 113 27
179 641 -5
147 288 9
194 497 22
462 478 23
220 205 5
278 604 2
438 638 5
166 211 29
404 294 7
237 594 23
522 37 -7
128 71 7
658 231 -9
44 659 5
584 420 7
8 125 12
53 59 25
258 399 9
296 608 21
319 104 17
137 659 22
40 286 30
678 81 23
440 221 2
694 679 25
396 74 -5
705 542 5
118 312 -5
1 212 29
629 196 7
233 723 21
143 230 21
729 184 3
154 325 6
199 649 12
692 57 7
12 231 -5
647 671 21
477 202 16
696 455 24
280 359 27
438 370 9
185 241 23
438 12 -6
149 450 2
499 717 -7
111 440 4
241 373 22
565 361 18
250 154 29
47 466 27
532 538 -6
436 184 -5
32 478 8
578 434 15
582 393 23
671 64 14
410 722 4
100 57 29
246 65 1
419 12 29
158 696 12
549 400 8
498 442 26
380 10 10
466 401 27
691 369 27
19 586 -5
262 372 20
336 553 16
189 714 21
251 666 5
656 237 29
626 401 17
423 621 25
25 528 -8
199 535 10
550 687 10
568 491 13
499 357 26
618 251 20
471 634 25
549 250 -3
501 256 7
15 164 1
173 50 -1
240 684 3
256 219 16
19 673 9
284 162 2
139 329 23
308 168 -1
226 347 19
464 198 16
125 258 -1
77 266 20
222 480 26
231 204 19
27 44 6
191 269 19
243 192 28
706 307 27
314 146 13
532 570 -9
140 98 8
173 250 -2
428 229 5
466 641 13
312 400 17
468 42 26
648 593 21
478 481 25
278 86 16
222 204 5
217 387 -10
647 534 -3
110 603 15
660 168 23
376 673 8
246 268 22
37 28 -9
613 474 -9
671 597 5
686 307 2
221 587 3
265 151 1
225 227 25
289 637 9
113 428 8
120 549 18
622 551 16
562 21 28
359 469 16
729 506 1
298 170 21
536 212 -7
654 150 2
362 615 3
420 70 -2
537 140 13
612 557 12
472 157 -10
328 35 18
214 131 2
66 319 10
525 512 6
647 319 15
469 243 16
384 355 -7
138 9 15
187 40 10
401 261 -10
239 561 10
118 448 9
665 426 22
610 514 18
491 372 -1
336 421 6
40 704 18
35 108 2
190 566 25
112 503 7
471 87 15
140 554 14
569 244 22
165 494 14
335 290 24
190 98 4
559 450 28
609 581 17
221 430 25
296 412 -5
680 132 20
147 373 10
561 704 -1
459 399 10
181 405 4
283 142 -7
187 197 10
654 678 29
291 76 -5
635 134 29
78 178 22
482 543 29
354 178 27
79 300 11
482 193 29
51 343 1
524 281 10
401 153 9
718 57 10
44 686 3
341 381 18
32 205 1
705 304 9
317 193 18
78 383 -2
424 296 12
42 404 5
650 198 22
201 578 4
345 24 17
523 497 3
401 637 3
149 724 10
359 581 15
485 475 2
86 391 -8
161 210 22
320 72 2
504 431 8
331 667 5
680 271 12
564 208 6
8 163 7
676 39 4
76 655 -1
299 146 -9
50 521 11
530 534 19
689 167 -10
490 502 5
338 556 -1
113 256 27
57 180 5
334 163 25
292 180 -6
652 533 9
395 587 -9
188 567 -4
365 119 16
168 254 21
122 23 4
232 26 8
440 350 5
344 18 26
566 640 28
599 495 -1
205 598 21
480 143 8
89 334 11
553 328 28
17 167 3
337 81 18
182 427 4
527 422 7
621 542 2
47 564 20
487 385 21
493 262 19
28 248 -6
333 658 7
89 492 27
328 238 7
658 627 5
13 513 1
665 671 17
225 444 23
621 232 5
50 371 28
179 629 4
253 6 23
326 429 18
93 619 16
382 110 13
616 245 -10
490 152 24
677 370 20
326 590 -6
138 17 26
299 704 4
80 253 -4
100 428 22
83 215 11
581 94 2
673 2 7
321 133 19
258 198 5
548 91 3
351 539 -3
414 590 5
137 390 14
297 657 4
271 69 1
72 68 0
678 436 24
549 566 11
66 624 16
252 600 1
193 215 26
350 500 29
360 92 8
672 476 25
121 199 24
612 698 -3
559 303 -9
393 425 6
106 512 4
439 210 20
657 98 5
170 629 28
440 225 -2
505 613 11
24 396 18
236 117 21
435 289 17
406 53 2
190 104 29
178 456 5
242 36 -3
645 77 14
336 148 10
36 405 -0
457 400 28
683 302 9
462 280 27
521 223 -5
26 708 2
334 608 7
211 559 6
704 127 29
305 13 -3
34 127 20
452 319 28
338 97 13
166 580 -7
696 529 8
442 65 15
602 53 -2
110 15 20
434 337 3
552 92 8
90 547 8
721 470 3
50 590 18
146 361 15
167 716 -5
232 287 -8
372 364 7
282 270 27
695 186 -6
243 227 9
485 590 17
588 238 19
57 359 0
58 705 25
43 6 14
271 188 14
458 661 7
608 316 -7
280 386 19
373 176 24
201 391 4
288 315 25
579 485 23
74 469 -2
113 416 16
39 518 -7
322 129 16
719 36 12
72 725 26
596 637 23
459 547 4
358 595 21
338 615 19
393 646 7
266 499 10
498 295 2
682 701 14
358 582 10
422 497 -3
215 676 22
474 313 16
652 360 11
577 330 26
9 10 -8
463 687 2
45 571 13
301 701 10
682 377 19
26 625 9
569 469 27
508 117 28
1 411 17
356 690 11
179 719 22
438 298 1
465 693 25
503 435 19
266 251 23
472 710 -6
427 330 13
6 210 25
77 287 23
616 718 -7
110 89 12
83 290 29
379 524 22
304 525 1
502 498 6
519 378 -5
703 57 6
297 417 3
387 278 20
516 575 6
648 536 24
728 32 14
312 418 17
246 237 11
131 306 -6
276 140 6
521 147 8
453 352 -8
219 175 19
499 125 2
190 681 30
32 497 7
161 553 -9
448 348 -2
189 688 22
247 491 9
337 348 3
234 130 1
268 487 29
303 305 20
702 96 5
433 498 15
327 409 8
200 654 17
552 192 18
292 425 -3
265 418 10
303 49 11
396 493 11
536 6 7
714 421 12
540 557 17
713 257 10
104 603 13
158 586 -6
561 77 9
685 47 -3
606 152 19
172 192 29
402 357 27
453 560 6
702 722 20
697 258 8
148 279 24
214 708 8
419 338 19
368 363 16
30 120 7
162 43 15
212 359 -1
29 121 11
467 577 -3
259 184 29
408 136 18
155 224 2
701 639 17
412 68 13
467 465 23
6 117 0
363 64 1
233 556 1
490 390 -1
91 517 29
10 89 28
388 277 26
314 428 9
498 453 2
715 191 4
246 549 1
280 712 29
545 261 2
525 636 18
718 60 8
319 641 28
405 552 5
658 296 26
85 448 -0
57 493 6
615 626 -1
236 542 9
340 622 22
520 357 16
331 68 12
229 310 17
16 183 3
5 444 8
49 626 17
34 515 3
366 475 5
178 573 18
265 303 6
628 82 7
674 585 1
688 251 20
9 513 21
678 474 7
202 1 -7
69 191 17
596 170 7
465 604 27
417 374 20
1 275 4
218 471 5
642 121 -4
321 422 17
168 417 -3
534 320 25
120 195 10
413 505 -8
478 711 21
30 661 8
121 491 25
108 428 21
521 307 6
629 392 8
349 275 13
356 87 14
377 707 -2
259 552 -4
144 410 10
234 671 9
573 113 -5
45 250 2
438 350 -5
551 199 -8
562 637 5
174 313 20
507 548 16
239 649 28
676 171 10
370 586 15
180 701 4
75 119 -0
567 473 28
655 450 3
381 160 11
324 720 30
510 505 26
699 463 16
452 311 -5
30 613 19
569 698 15
436 698 22
342 360 20
173 567 -9
349 257 10
549 651 5
253 463 26
660 426 -3
477 535 5
384 255 6
425 613 17
434 50 20
468 105 19
95 290 19
206 50 3
621 561 17
138 294 -5
231 360 28
566 316 9
387 497 14
262 110 14
660 450 6
47 472 -7
563 676 0
181 49 1
628 692 10
246 36 1
670 125 4
271 388 -2
671 104 10
270 187 18
153 650 8
439 525 29
165 291 20
229 30 -9
176 711 26
107 500 11
274 325 15
458 593 19
564 664 -9
351 149 17
39 426 20
644 698 -5
273 201 17
314 259 18
151 685 19
518 407 23
391 460 14
567 601 29
106 653 26
194 291 8
378 334 20
286 349 10
96 292 3
80 616 -9
87 249 29
691 325 7
239 370 17
28 254 27
291 717 19
718 495 24
180 139 22
4 179 6
489 71 19
196 470 29
413 710 6
554 493 23
123 399 1
689 432 8
318 513 12
39 85 22
294 71 12
630 456 -2
37 646 2
36 100 14
225 478 17
323 593 14
306 401 3
332 302 25
140 203 29
31 492 27
459 443 4
581 459 -5
409 109 0
515 41 9
167 93 27
54 293 1
291 382 15
231 145 14
184 340 7
96 553 23
402 300 -5
231 608 9
222 333 3
481 666 -2
298 71 22
358 671 24
75 453 20
70 240 22
177 167 27
516 353 22
590 69 19
530 672 15
31 293 -9
78 324 6
729 49 -4
607 391 2
626 404 17
173 191 25
724 664 -7
282 9 5
477 529 12
628 625 26
301 382 10
411 433 10
374 362 8
192 45 24
603 467 16
328 234 2
284 724 8
575 174 -5
262 473 28
48 133 25
177 229 7
408 398 -9
72 234 21
411 76 3
98 555 15
546 626 18
449 190 26
542 520 7
121 334 29
135 376 12
681 239 17
195 290 10
635 377 -8
453 391 3
52 710 4
615 723 13
534 587 -1
420 172 11
9 689 26
585 27 -1
699 310 8
567 288 9
245 433 22
539 687 30
724 402 7
143 190 -8
136 477 26
329 396 26
22 555 -5
236 497 2
239 375 12
417 313 10
298 616 12
487 541 -9
313 383 20
689 92 8
355 80 4
543 314 25
118 334 28
219 613 13
533 658 10
546 467 3
703 568 3
46 143 -7
606 499 7
445 519 14
274 553 4
604 579 10
207 491 6
68 88 1
429 520 24
548 274 -8
182 169 19
287 566 28
414 323 3
710 524 25
676 709 3
581 622 -0
148 223 -1
399 689 4
166 687 -3
499 335 13
629 571 24
368 318 8
350 396 11
77 481 19
609 393 19
494 29 -8
55 180 6
153 468 26
533 128 12
125 624 6
219 315 29
641 694 21
573 448 28
359 458 14
53 628 -0
346 669 13
447 403 19
360 598 12
603 334 6
36 708 18
221 5 21
6 69 3
604 652 28
671 632 -9
691 296 3
230 237 2
573 170 19
469 174 6
474 698 27
99 452 15
658 42 8
598 514 8
174 194 25
107 100 5
582 473 18
660 340 -4
492 177 27
255 691 -4
635 347 3
416 329 4
158 569 27
181 356 -0
29 89 21
268 588 -5
480 138 16
535 321 5
59 370 28
122 366 5
627 456 14
656 676 7
651 7 -9
198 717 1
447 145 4
595 260 23
548 719 5
159 353 27
351 123 11
681 699 19
444 713 7
259 222 10
708 486 12
220 114 11
166 313 10
341 398 8
510 162 24
66 690 22
23 339 8
379 341 26
644 56 20
77 211 27
555 605 -8
617 438 10
66 221 14
234 102 -9
122 272 -6
618 278 29
354 699 3
511 643 13
369 148 4
215 65 19
459 334 -9
464 90 4
561 589 9
467 105 29
507 169 11
119 516 16
703 568 4
483 502 29
172 87 -5
156 487 1
715 377 19
534 37 8
344 663 24
477 651 29
163 86 25
700 310 6
188 442 2
725 278 14
615 184 22
427 565 14
566 706 25
204 392 28
181 567 3
56 100 29
461 227 11
478 155 19
206 534 16
289 620 17
443 364 5
65 489 18
272 314 12
260 165 8
293 218 18
342 726 19
103 598 2
264 229 26
89 683 -0
311 512 4
122 629 -8
235 81 14
187 169 7
189 347 26
384 670 12
536 439 5
76 186 5
544 324 11
433 120 8
187 430 14
53 383 -6
451 544 3
54 106 10
95 582 10
585 120 6
353 160 15
41 15 20
487 551 16
40 303 20
582 293 5
454 592 6
308 26 13
105 501 -6
452 186 23
607 227 -7
81 353 14
548 604 12
157 318 26
504 231 -1
472 514 2
146 393 24
394 96 26
338 555 7
448 301 25
139 554 27
568 118 26
229 484 17
56 72 5
446 563 1
189 17 5
519 210 13
685 515 0
529 593 27
396 526 7
656 602 16
541 649 -8
355 251 4
422 345 2
654 491 2
33 81 -6
94 101 24
80 612 -9
347 288 -5
618 606 22
533 16 7
455 711 28
729 78 11
632 522 30
46 698 28
130 610 13
549 291 3
5 570 27
546 344 23
518 238 1
227 174 26
709 123 21
435 103 7
328 389 23
588 6 5
314 53 11
160 622 -8
259 440 30
435 289 9
461 531 27
167 24 17
14 393 8
490 389 -6
415 55 29
60 719 2
697 24 3
599 490 14
42 298 26
700 260 5
504 188 1
172 215 10
374 201 12
694 181 30
708 222 18
563 543 21
37 164 18
380 373 19
421 449 18
539 191 24
605 664 2
476 56 24
290 361 29
275 22 16
42 390 6
293 269 3
151 130 8
587 178 26
130 415 11
279 49 24
193 148 3
15 612 25
426 528 11
170 556 27
483 236 1
28 525 27
119 155 24
388 216 3
445 231 -5
397 142 17
52 197 21
71 46 5
579 307 5
215 619 24
142 257 8
135 675 23
135 488 23
572 412 26
382 125 20
561 358 17
309 690 -5
587 497 -9
683 633 15
356 710 19
266 316 28
307 574 15
284 436 9
484 478 9
706 45 25
548 260 23
433 337 14
714 247 13
405 29 10
551 293 25
197 616 17
620 333 2
445 585 26
364 276 8
321 408 11
138 294 10
637 541 10
68 578 24
555 476 25
4 719 27
57 717 -4
94 327 -9
684 715 2
561 617 15
399 26 20
583 309 2
412 699 7
658 590 15
615 219 15
608 165 14
145 131 2
472 283 3
54 179 28
654 363 25
509 297 15
147 580 12
460 411 5
14 464 11
590 95 18
13 309 19
617 301 16
117 171 21
520 245 -1
272 443 7
416 365 1
697 597 23
456 174 13
46 264 21
151 337 6
53 541 17
14 485 23
393 77 22
658 73 24
602 482 4
319 497 28
71 487 7
297 338 -2
281 690 12
470 458 9
411 18 -7
142 13 -9
450 39 8
236 561 6
637 430 29
552 303 4
549 596 11
395 598 20
394 325 4
58 716 -1
252 412 -9
506 685 17
201 222 -3
105 617 11
450 371 1
400 717 3
72 242 29
503 305 2
227 626 22
667 353 8
569 724 13
393 446 -3
294 226 -5
588 522 0
124 118 15
542 154 10
209 119 30
178 234 -4
192 456 4
267 46 11
656 150 17
619 475 11
374 173 6
78 123 28
436 191 8
410 192 3
7 545 -9
378 91 11
194 333 22
342 431 27
160 615 9
655 632 9
146 523 24
482 618 -5
159 101 4
482 98 17
201 193 23
314 188 23
719 99 25
72 630 6
562 425 5
708 687 -9
86 363 -4
505 520 17
459 45 24
242 34 14
465 679 3
459 5 13
172 284 24
491 342 6
203 208 15
677 622 10
518 333 7
347 148 -6
300 609 21
558 2 0
221 622 -8
689 342 4
359 533 2
496 411 17
236 22 -5
281 637 10
383 320 16
112 522 11
378 49 28
320 687 18
545 572 24
700 694 9
323 273 23
707 417 12
365 15 5
156 354 17
372 146 21
35 266 8
542 266 15
