99 159 14
136 8 -3
171 237 24
201 28 7
114 35 27
44 175 24
237 80 15
62 165 -3
114 25 3
9 137 -5
33 30 -0
20 61 26
191 139 -2
44 3 25
80 114 25
72 73 26
26 64 -6
229 127 23
51 122 1
105 16 -5
13 118 -0
165 200 14
27 161 22
106 48 22
203 234 7
24 232 19
191 221 6
98 93 16
157 156 11
149 200 2
4 102 10
143 175 17
103 203 24
9 163 20
161 136 0
190 234 15
43 218 22
224 31 21
80 111 3
69 74 6
171 31 20
229 78 4
202 90 10
111 209 24
99 44 29
241 25 16
68 5 0
73 194 -4
106 63 19
107 88 2
117 197 18
47 138 24
121 191 20
214 119 26
46 108 3
2 83 26
53 14 -4
132 169 12
129 5 15
184 103 28
157 215 17
166 1 11
174 122 -2
117 184 4
70 165 22
29 45 21
131 243 -5
133 217 25
200 170 26
169 25 18
173 212 -5
45 221 12
79 221 19
40 138 -5
181 100 3
138 25 5
181 133 0
70 107 11
23 154 27
142 53 -4
21 156 4
189 236 23
173 170 26
6 215 22
51 226 -5
165 230 -3
111 126 27
120 44 13
86 200 -4
149 12 22
112 32 20
72 227 -3
204 69 22
85 230 19
236 167 8
98 164 27
128 92 -1
125 211 11
140 136 13
218 74 16
92 207 -4
236 191 -5
86 236 -2
45 238 14
138 147 16
169 4 22
127 63 28
172 76 1
221 56 11
214 176 27
66 158 9
224 226 5
47 133 3
58 108 24
131 156 19
33 54 -6
56 13 17
63 52 23
78 210 18
33 27 6
40 235 29
66 99 13
84 45 14
50 137 -2
18 101 12
213 192 23
37 19 17
194 7 -1
230 205 13
86 30 28
15 232 -3
224 149 10
189 65 22
61 170 -0
130 128 19
18 153 10
207 151 24
183 175 14
43 11 22
201 196 4
9 96 13
5 41 17
174 219 1
225 217 1
135 206 -0
202 146 29
87 102 3
75 136 7
164 133 11
14 175 5
80 91 20
215 59 11
100 163 17
123 9 1
87 94 8
241 191 0
113 84 15
231 138 4
25 78 -3
78 242 3
96 7 24
204 67 21
39 123 7
57 90 16
40 54 6
139 94 10
38 196 3
163 191 10
218 160 -5
164 87 -3
160 83 6
101 13 2
160 210 21
97 18 12
143 167 -4
198 140 8
166 105 3
236 119 21
71 165 26
4 50 25
100 90 2
209 185 10
239 26 -5
199 156 22
47 184 8
10 158 16
148 163 29
178 144 8
12 180 19
193 113 10
97 35 10
15 78 3
151 207 0
41 160 17
81 95 -6
66 223 -6
132 129 9
208 39 6
106 169 6
141 191 3
34 206 9
142 112 -4
164 22 28
204 33 -5
155 139 13
52 152 13
221 170 -3
99 102 2
216 34 8
140 76 9
5 174 22
132 52 25
208 179 28
55 95 -2
155 6 1
174 159 -2
82 155 10
13 175 1
112 195 4
211 166 6
189 68 16
84 160 18
182 186 29
152 71 9
177 199 24
163 19 1
118 221 8
140 243 14
195 102 28
110 65 -4
68 64 -4
177 83 27
97 192 19
95 155 25
148 182 22
5 220 28
168 243 8
113 238 9
187 116 3
82 117 12
40 17 -6
143 75 26
60 225 6
24 167 1
100 70 4
201 106 28
40 90 17
50 122 4
24 39 5
188 109 10
240 223 26
108 22 6
32 91 7
60 13 22
211 200 18
16 196 -6
15 205 -3
64 161 3
109 234 3
165 146 -2
64 214 12
170 13 11
135 6 13
11 50 28
41 141 -4
143 188 -3
124 212 23
243 20 12
238 207 8
186 227 -2
57 131 18
180 13 3
163 216 13
152 39 -5
208 194 29
134 75 28
220 159 13
5 213 17
143 36 24
69 212 26
181 210 -4
53 182 -3
13 163 1
69 227 13
33 96 14
112 108 3
55 53 2
135 194 21
18 212 9
24 177 13
79 32 20
153 23 30
183 23 -0
109 48 11
57 108 11
138 78 9
52 157 12
67 181 30
43 81 -3
189 199 -6
20 62 30
134 150 28
178 209 22
159 44 -3
159 123 9
168 173 7
27 57 30
87 197 28
147 141 -5
85 238 11
198 216 26
29 186 -1
102 215 3
194 80 -1
214 176 19
86 113 6
199 180 -2
30 137 2
85 101 25
112 15 22
111 122 1
94 126 8
16 126 3
103 124 16
241 103 18
197 160 -3
134 176 8
197 162 2
111 120 28
143 24 7
243 197 4
179 97 -3
114 91 17
150 77 12
32 100 4
218 126 20
41 69 28
55 116 29
153 7 24
121 34 1
113 29 22
26 125 11
22 229 -1
221 87 8
97 229 -4
6 75 27
114 55 29
209 27 19
210 147 3
123 135 18
119 147 -3
58 193 29
236 6 18
36 241 -2
30 22 -3
76 219 -5
214 58 15
69 197 24
147 150 22
66 68 30
223 159 16
148 216 7
40 93 -5
224 212 2
26 222 18
35 222 9
156 214 -0
65 53 14
3 4 15
208 23 23
75 175 11
221 75 27
112 52 25
80 29 13
241 89 13
198 81 18
72 148 19
213 3 1
78 22 11
234 135 16
226 236 27
121 186 -0
120 85 25
242 224 4
96 231 15
231 81 -2
23 62 13
94 110 -3
178 180 7
182 24 18
43 191 -5
88 66 17
161 32 26
153 231 10
177 199 25
164 31 21
11 178 10
73 59 16
119 28 19
84 57 2
19 199 10
82 48 -4
30 214 16
35 185 -5
92 213 16
185 7 1
211 58 12
209 100 11
33 101 20
210 58 19
145 213 20
144 22 10
224 162 6
14 61 14
172 28 25
122 147 27
89 236 17
243 182 13
233 28 13
125 43 -0
163 79 -1
1 22 15
120 186 16
130 126 17
75 41 -4
209 142 -4
17 52 16
130 38 9
2 146 10
161 71 -3
131 118 9
109 49 -2
191 25 30
40 75 19
38 50 11
198 206 -2
238 170 21
70 85 29
160 161 25
197 94 26
200 133 0
75 35 4
19 162 25
151 115 11
34 107 30
197 190 4
238 27 7
219 169 21
45 15 14
225 142 15
34 91 -3
11 88 -3
164 175 1
32 170 26
54 194 18
161 143 16
79 111 -4
123 46 12
130 41 5
112 214 3
127 104 22
140 101 26
94 122 -4
209 135 14
87 104 -1
209 193 30
103 102 13
56 54 13
176 159 20
23 227 23
38 49 25
220 193 16
140 95 -6
166 122 2
20 222 -4
86 99 13
86 156 26
28 98 15
120 44 17
106 211 -1
57 217 21
49 124 4
63 56 25
23 226 23
66 49 12
48 164 29
102 115 13
5 205 2
47 7 1
65 110 -5
145 102 6
29 12 24
38 226 4
103 235 18
11 58 0
117 91 5
232 161 7
217 75 17
222 227 14
53 46 12
152 174 -4
4 26 22
191 76 -5
3 192 18
185 36 26
81 77 7
26 187 16
221 73 19
188 155 22
31 177 17
234 173 19
83 162 23
148 84 8
140 182 -4
240 190 -2
240 165 13
112 45 25
92 75 13
8 77 27
175 243 -3
62 191 25
99 171 25
201 203 26
138 89 -3
141 202 6
74 187 2
71 158 24
66 8 -1
173 243 26
59 189 1
137 80 24
80 11 1
68 113 18
65 140 2
123 129 -4
139 63 9
31 197 5
12 184 15
198 173 3
49 200 21
175 81 2
167 119 -6
40 239 -6
206 230 27
116 38 -5
173 242 13
73 153 1
56 20 -0
220 109 19
151 75 18
57 110 22
146 67 13
33 59 23
14 233 15
51 205 13
56 215 8
156 226 15
54 232 12
163 16 14
161 221 25
74 212 19
138 3 -4
159 59 26
162 226 3
123 112 14
8 109 16
186 18 24
192 123 14
201 93 -5
94 85 24
86 2 29
81 188 24
171 236 8
94 89 12
8 106 17
111 212 19
68 23 22
82 233 26
13 128 2
132 80 23
93 120 21
243 173 29
129 47 -2
216 137 20
199 151 18
79 37 0
65 232 7
68 52 8
184 213 15
238 57 1
157 112 0
208 220 27
208 143 7
136 10 -4
62 68 1
92 62 12
133 53 8
11 165 27
82 135 3
196 50 2
120 240 -5
63 7 10
70 159 19
199 24 19
144 94 11
96 79 -2
27 22 17
243 66 17
2 219 -1
62 165 1
163 122 18
151 112 6
103 134 4
154 81 9
10 46 25
109 28 5
80 143 21
194 89 14
208 19 22
225 81 22
72 145 28
220 122 -2
24 190 25
96 201 25
165 219 5
38 139 2
16 10 11
26 233 1
24 219 27
97 38 5
240 162 -2
139 15 10
69 211 13
163 139 -4
151 76 14
223 26 15
51 13 4
13 236 9
171 23 12
39 160 16
164 91 24
17 136 26
8 207 12
205 194 3
184 176 -1
24 139 16
51 94 25
22 214 26
211 182 -0
6 17 15
62 11 24
150 207 23
114 143 23
180 161 26
48 143 8
134 63 24
112 166 17
237 218 1
79 93 8
50 77 20
138 39 -5
118 164 4
72 130 16
99 198 -2
123 126 7
192 46 12
23 190 6
49 220 26
7 137 19
166 146 -2
179 151 30
37 159 28
76 33 22
81 62 16
46 168 28
168 93 -2
138 136 26
133 48 22
227 191 19
8 151 20
161 56 16
189 22 -1
158 239 14
240 158 6
233 177 18
183 150 6
24 238 6
114 61 2
26 69 7
91 134 10
17 233 11
222 62 4
146 131 26
239 142 -4
222 118 10
122 117 26
12 71 27
169 45 -0
18 57 15
130 119 10
154 162 29
206 11 22
152 231 28
19 109 3
73 105 -4
215 182 2
179 60 22
144 181 29
153 70 2
185 15 26
61 149 28
54 92 1
69 199 16
189 13 25
102 215 5
27 20 0
101 204 20
222 170 15
138 147 10
194 125 10
75 61 -2
24 172 -6
20 133 27
136 215 -0
88 33 24
196 212 11
12 239 5
153 90 -1
83 48 18
2 118 27
224 107 6
47 39 1
145 225 15
196 103 14
56 161 8
210 102 -3
218 228 9
64 174 17
196 232 -1
84 223 19
35 45 24
191 163 25
215 24 16
202 240 23
94 181 20
48 52 19
125 151 28
68 82 1
26 154 27
47 126 27
32 192 20
59 123 7
137 40 19
177 124 1
184 200 28
36 105 2
30 39 16
41 164 -5
107 68 22
73 92 5
132 97 7
225 33 -1
62 235 10
146 234 25
59 4 26
83 124 9
162 48 4
14 208 19
241 208 18
220 140 22
193 78 8
21 94 -5
226 186 29
136 166 11
72 31 26
4 151 25
102 168 25
243 185 8
164 56 8
134 55 16
188 4 18
78 143 5
168 179 -2
89 211 -5
18 20 -1
224 106 6
25 196 -5
182 124 20
191 99 10
86 114 9
6 90 -3
4 137 24
83 135 27
176 45 24
220 164 -2
116 157 0
14 199 23
100 65 8
82 195 26
74 76 17
73 174 3
237 222 23
140 171 14
58 22 1
222 124 25
10 189 2
136 123 16
164 15 3
227 163 27
241 100 17
42 1 -1
1 164 2
30 113 22
40 233 25
139 94 14
138 64 26
185 51 28
27 155 5
179 87 12
130 33 8
113 53 28
145 148 28
239 108 20
89 117 7
67 216 6
80 4 22
216 141 23
189 17 7
57 72 6
