80 131 30
261 435 29
454 226 0
284 23 5
106 603 -6
596 319 10
456 448 17
189 584 -6
593 382 9
45 305 30
227 542 14
446 250 4
370 576 -3
84 279 23
27 134 16
695 23 20
604 324 0
170 440 0
343 254 -4
655 98 -10
350 407 29
2 723 12
374 375 16
18 552 -2
726 104 11
685 721 25
628 81 11
394 130 22
135 143 -9
459 436 -6
306 319 2
55 614 23
415 564 0
408 648 -1
683 101 -3
563 575 9
459 443 -10
394 696 8
625 437 21
666 281 15
686 70 30
98 560 -6
672 213 -2
696 386 20
445 239 3
293 401 -1
14 245 21
419 246 15
311 221 -10
38 722 17
533 358 2
615 436 10
189 532 -8
472 124 18
91 705 -2
435 277 18
500 245 25
155 707 3
326 199 27
517 432 -7
275 461 18
337 149 4
609 684 19
336 41 1
75 624 12
622 146 -10
718 299 22
134 200 11
238 297 28
570 273 -6
39 159 15
603 125 23
193 707 -10
48 454 17
516 355 -4
89 183 -1
13 471 14
465 218 11
305 589 29
400 93 28
168 14 8
53 586 21
2 586 2
310 6 19
186 225 11
178 617 0
175 429 8
692 631 23
308 304 0
25 219 16
39 36 27
674 720 5
507 158 5
235 567 21
38 49 16
80 670 28
435 237 24
708 650 26
161 530 6
127 638 -9
472 285 28
531 537 13
269 656 14
574 486 0
83 269 18
672 132 27
24 548 -8
404 508 14
283 636 4
424 106 29
120 48 26
472 718 21
363 689 -9
5 318 22
586 91 26
666 696 0
522 47 -7
80 440 -5
428 641 17
255 176 28
348 383 13
343 650 12
15 257 7
430 716 4
371 604 16
144 467 21
101 273 19
211 437 -6
511 441 3
714 721 9
487 497 -6
134 582 12
346 427 6
634 529 -7
75 77 -1
218 365 1
173 537 3
353 87 -5
563 186 24
595 485 20
313 11 -6
254 290 7
131 700 16
122 447 30
547 6 28
99 438 18
223 552 18
275 712 16
260 419 16
360 573 -8
337 412 5
378 61 23
600 43 0
412 179 6
537 297 -4
145 390 8
454 360 -10
631 62 25
645 476 16
681 212 13
231 699 -1
160 281 13
604 251 22
571 1 29
75 61 -8
392 339 -9
43 320 16
195 327 2
269 215 5
235 338 19
285 442 1
290 51 24
471 241 17
112 645 -4
631 48 -9
421 29 17
295 616 15
379 530 -6
58 253 12
692 44 12
605 547 10
489 256 25
404 493 29
106 644 -3
166 673 12
278 100 17
396 11 15
611 563 16
313 70 3
5 595 11
95 512 25
85 677 -6
324 578 -6
276 123 18
480 615 1
186 417 4
248 477 25
343 116 19
134 618 16
53 266 -9
646 437 9
382 228 6
509 52 17
622 203 -9
246 589 4
585 276 0
22 472 30
355 182 26
265 617 19
681 145 8
215 255 -1
301 248 23
181 459 -6
56 713 28
434 305 24
574 152 8
159 53 -7
211 538 3
395 494 21
3 262 -6
4 269 7
435 377 23
542 124 2
473 111 8
643 590 24
220 236 3
106 111 3
101 79 13
661 686 13
387 269 4
222 364 16
391 657 3
412 449 22
481 543 3
728 353 -9
43 45 -5
590 340 -7
73 248 0
527 272 6
149 517 23
156 390 14
574 408 9
398 141 3
183 595 24
640 100 8
1 231 5
694 624 11
360 190 20
148 301 17
570 254 14
533 200 11
636 275 2
137 322 16
545 639 21
23 127 21
699 174 11
375 690 18
473 284 13
446 638 24
675 136 25
110 552 6
296 27 7
683 670 -2
231 178 -9
449 149 16
688 184 17
101 445 0
103 476 -8
306 494 3
524 675 7
624 372 -1
394 413 17
73 711 17
363 56 -2
181 192 14
142 629 -4
351 615 2
668 346 16
561 331 8
220 489 1
178 572 12
195 169 10
27 227 -10
56 679 23
637 110 -1
79 487 10
623 46 9
386 705 18
705 517 -8
450 165 27
359 389 3
62 29 6
31 696 -4
463 300 -6
97 268 5
717 526 15
411 576 -4
340 386 -8
28 728 28
178 401 12
471 606 -9
15 643 19
414 541 -4
148 305 13
646 410 8
488 41 -7
147 283 11
626 712 4
635 473 -2
65 570 -7
665 360 30
621 530 -3
649 675 11
277 713 13
239 129 26
396 211 12
313 98 4
541 409 24
176 295 9
407 221 11
520 703 19
529 205 9
51 672 27
692 168 11
36 555 4
503 37 17
383 357 -9
675 45 25
424 361 11
525 467 11
313 330 -7
586 264 3
693 460 16
635 681 23
44 490 5
199 476 4
723 220 14
329 381 13
428 212 -6
243 13 20
353 606 -7
139 329 -7
30 514 -8
68 434 -10
576 299 7
452 666 -3
602 541 -1
469 419 -8
596 439 -9
360 638 0
324 263 11
121 313 10
155 385 6
563 202 5
656 515 -6
32 214 -1
342 186 -2
622 507 18
291 505 27
366 622 -9
226 522 19
215 609 11
655 299 1
418 633 7
721 403 21
152 683 19
377 125 21
456 699 21
373 710 29
12 251 17
328 614 5
272 264 -7
159 562 1
494 540 0
563 596 0
294 176 8
443 585 -3
313 242 -6
605 369 1
525 609 15
294 563 10
619 421 27
241 84 24
440 579 30
145 445 -1
374 411 17
529 448 -3
262 310 1
500 636 11
456 624 29
155 548 12
73 496 0
500 157 -9
10 199 23
44 566 2
612 134 -10
641 689 -5
433 494 1
212 613 9
15 652 19
485 239 21
108 711 -7
263 494 28
564 474 20
493 562 6
275 243 21
367 194 8
696 724 5
505 463 30
695 228 -1
176 299 -1
272 377 -10
601 74 18
127 495 2
495 574 24
490 456 29
248 352 6
481 124 -8
538 312 14
170 489 25
701 14 1
42 576 22
255 544 1
531 703 -1
481 278 7
687 492 0
469 330 25
473 516 -2
38 113 8
372 45 28
230 350 3
517 568 6
340 298 -10
8 163 -8
279 650 10
692 599 9
239 109 -3
404 292 -1
264 658 0
126 650 17
645 449 9
408 450 11
346 62 -3
365 317 4
622 17 23
413 719 -2
2 5 18
229 221 -1
576 393 -8
230 113 27
202 566 18
423 347 2
368 285 25
581 376 30
306 402 -3
172 482 8
697 491 26
617 306 18
298 727 24
495 149 -3
642 143 2
196 562 10
719 29 -10
501 187 12
590 64 6
37 671 0
241 597 2
583 532 27
572 578 -3
467 70 9
682 54 6
202 684 -6
619 152 17
401 723 26
191 559 24
325 327 -3
513 9 -7
597 236 10
445 645 -6
156 103 3
290 669 20
180 166 7
242 466 22
647 481 28
28 200 22
660 486 5
372 202 15
639 468 14
526 155 22
673 62 22
507 210 14
575 307 2
22 581 30
650 33 6
31 164 29
625 184 20
459 244 19
504 554 29
530 333 18
30 586 16
392 397 23
226 413 -7
691 49 24
500 546 13
258 146 10
62 557 11
618 276 24
487 173 -8
255 152 29
480 161 24
470 18 0
244 72 3
510 375 -4
167 565 -2
582 612 -6
522 310 7
309 54 17
230 56 20
144 647 17
590 545 5
13 27 13
231 477 -7
168 524 20
444 176 7
29 134 -6
344 666 3
593 213 6
515 477 -9
326 417 23
722 655 7
262 287 -8
291 676 26
260 415 28
86 552 3
286 132 29
483 363 13
81 305 22
169 660 -10
503 590 -2
163 521 12
12 57 17
417 680 1
66 699 -7
657 67 21
381 409 -4
172 40 23
199 60 19
68 583 -3
508 425 1
295 410 3
164 163 16
468 334 -9
129 295 12
29 655 29
222 215 -9
398 185 11
15 583 -7
430 220 16
188 393 19
342 108 -6
327 352 17
640 474 -9
284 407 7
344 499 16
589 523 -3
293 379 11
22 109 17
325 456 9
437 627 23
334 283 -2
118 213 8
284 21 -5
185 42 -7
677 684 13
686 136 10
405 170 26
532 269 9
204 256 -10
630 519 -7
90 80 28
702 358 29
70 582 5
341 534 -7
237 716 5
554 8 20
328 83 23
213 506 -9
497 75 -5
205 595 -3
565 601 24
145 587 11
452 46 3
289 609 24
115 638 27
688 675 25
204 120 6
214 224 26
264 226 -8
457 156 28
387 279 2
56 496 21
349 14 6
77 603 -8
717 417 19
617 408 -3
34 179 5
619 303 16
633 518 17
327 343 -1
578 575 3
361 52 21
215 524 16
605 334 4
361 528 6
426 148 24
404 195 30
422 469 -3
337 383 10
335 312 6
167 243 16
533 512 27
368 668 -3
667 694 24
339 598 26
142 528 -1
533 449 -5
13 33 20
235 197 30
424 321 5
327 615 11
278 361 0
572 203 26
273 598 2
637 51 2
349 127 -4
484 724 29
636 450 18
191 605 23
91 43 3
148 713 12
398 103 10
77 643 1
400 360 2
85 292 9
442 437 1
707 276 13
617 615 15
572 351 5
599 420 14
212 401 19
344 186 -3
33 447 -8
37 555 -6
182 728 22
489 659 29
437 297 5
186 674 -3
598 445 -6
346 63 -8
12 158 -4
235 555 18
410 216 30
481 503 -6
234 672 -1
35 407 15
678 216 18
410 108 17
240 391 -10
280 9 -6
359 606 12
264 192 8
237 597 18
597 633 18
456 305 -1
540 479 26
354 692 -3
535 242 0
18 379 20
246 550 13
526 344 -5
490 64 26
549 194 3
358 31 6
543 456 -5
480 645 4
42 544 -9
402 189 6
668 239 13
89 25 -9
660 252 29
120 493 5
91 385 29
463 286 13
721 262 28
474 628 15
49 584 -4
306 485 -2
181 279 10
284 378 11
96 274 24
41 55 12
554 720 27
7 470 -7
311 296 0
333 132 -5
238 529 28
641 549 11
286 710 4
162 257 27
719 704 29
58 30 -5
306 307 -6
715 629 -2
594 250 27
370 217 22
46 279 14
184 612 9
113 426 17
600 363 11
285 174 14
504 224 -2
379 294 7
683 661 9
427 59 28
96 637 3
621 253 14
338 314 23
719 22 9
213 384 5
358 227 28
571 504 -3
539 625 -1
2 391 30
58 263 30
40 620 2
369 446 29
604 137 -1
136 434 -5
429 455 26
135 124 22
630 680 12
81 293 4
204 364 -5
396 413 -9
116 444 1
695 639 11
619 413 -10
110 78 -1
293 499 -9
684 26 24
687 630 12
279 49 -8
194 640 24
298 304 7
425 263 29
514 467 2
632 350 7
156 711 -7
715 460 -3
459 484 27
512 557 -6
179 669 24
161 464 1
719 184 -3
729 358 9
264 575 21
14 152 16
5 528 13
309 650 12
613 411 -8
393 72 28
305 16 -6
116 657 -9
233 679 9
193 234 13
281 636 2
89 722 30
655 62 20
36 605 15
280 512 21
353 26 2
376 146 2
579 659 8
506 699 -8
578 603 4
350 66 24
3 233 30
397 513 26
521 482 0
451 624 15
226 437 7
102 662 30
652 471 -1
195 216 5
76 449 -7
63 645 15
492 291 -2
99 458 -3
449 400 9
414 345 23
445 149 28
444 531 27
259 237 4
137 358 19
725 394 -10
199 725 -5
53 194 9
515 24 29
152 553 5
58 401 8
528 617 5
7 43 10
687 20 25
622 329 24
683 33 -8
70 42 -7
235 658 20
538 675 20
445 677 6
593 486 18
383 238 -8
715 722 25
290 80 0
425 538 3
244 196 29
548 151 15
261 133 26
514 184 -4
16 193 14
656 153 15
77 223 6
513 337 3
206 175 19
328 565 30
357 654 10
493 651 17
346 354 10
147 284 -9
414 145 8
477 705 20
421 351 28
614 426 11
567 185 14
721 225 2
465 181 27
178 194 -9
266 359 -6
378 431 -9
40 542 -5
240 629 6
681 19 29
66 285 29
574 448 1
540 449 17
459 270 23
313 455 30
171 571 26
702 315 27
88 123 2
583 5 24
256 146 10
100 130 20
408 500 23
296 375 10
621 682 23
587 104 23
639 314 5
425 618 -8
425 56 7
70 348 22
724 265 11
630 35 -10
166 68 24
213 545 -5
233 190 24
193 187 -6
125 457 1
679 43 30
506 727 30
531 389 30
645 78 -9
679 280 22
471 646 0
453 363 5
713 582 28
692 1 12
383 25 12
441 725 15
70 619 -2
637 381 22
48 30 2
109 301 16
179 457 10
37 112 27
230 413 -9
133 275 14
180 35 15
239 302 29
196 440 0
567 223 -5
255 625 12
279 325 14
306 260 24
50 28 -2
473 148 17
521 628 25
447 140 23
469 507 12
148 648 17
694 33 -4
306 269 -7
577 652 -7
516 124 23
172 157 4
332 108 -10
562 305 24
106 506 10
208 692 13
382 556 25
23 341 18
321 106 18
15 192 21
97 455 -8
710 133 25
550 614 23
546 195 14
628 496 3
281 548 22
585 39 18
466 181 19
515 610 20
597 202 -7
186 378 -9
73 305 15
113 519 0
583 50 10
417 129 0
361 696 10
13 311 20
37 318 27
145 1 21
687 10 0
264 633 7
111 376 0
273 403 7
397 575 1
483 232 4
117 634 14
649 642 -2
605 426 -9
701 221 10
9 352 -5
236 708 -4
704 110 26
653 21 -5
124 521 20
106 217 24
295 194 0
19 156 -8
123 417 5
469 214 9
578 618 6
132 251 21
302 363 2
428 419 14
405 41 -9
9 37 30
421 724 18
488 515 12
614 427 9
668 188 -8
116 57 21
13 409 26
362 721 1
571 210 18
142 615 4
398 380 -9
671 604 -9
653 290 17
486 433 29
108 78 21
626 195 28
659 499 -4
571 473 6
572 576 24
576 542 21
147 286 3
652 294 27
435 668 -6
487 636 26
93 330 17
230 687 23
445 624 25
156 124 -6
210 150 22
570 371 -5
289 584 19
463 209 18
573 548 0
34 624 10
376 209 10
525 54 5
41 452 16
710 77 3
120 463 6
379 415 9
517 465 23
306 228 21
361 500 -3
177 702 28
100 651 -7
544 170 -1
459 238 9
374 50 26
633 119 20
352 551 16
356 40 7
20 69 15
366 550 -2
82 358 25
47 237 7
59 203 -2
623 438 17
670 159 30
396 81 17
223 656 26
102 178 24
661 264 30
352 386 9
76 559 16
453 80 4
545 562 2
634 173 -3
120 517 14
105 50 -8
502 560 -3
36 578 4
78 484 17
260 304 -5
120 625 23
256 574 1
337 268 6
549 281 -4
203 370 12
576 338 -10
261 437 19
87 463 23
394 164 28
129 555 -9
356 232 -5
408 68 24
466 348 25
537 396 6
590 240 22
111 316 16
700 142 -5
242 59 0
126 113 4
714 531 30
179 254 -6
51 630 10
149 661 15
371 479 2
282 475 -8
591 26 -4
238 248 13
561 149 7
620 375 17
54 432 -2
505 691 27
584 320 20
196 108 12
710 697 23
474 365 7
665 553 29
692 539 19
568 27 3
729 702 7
40 421 -7
694 248 2
697 129 -7
197 107 -6
707 70 18
509 558 11
542 628 15
664 608 2
30 155 24
354 106 -9
255 456 19
176 216 14
114 268 20
181 82 14
303 245 28
205 264 22
438 22 10
313 193 22
75 295 -7
689 140 11
711 511 -3
339 251 19
522 585 23
454 685 -8
513 10 -2
433 211 -5
490 5 13
259 725 24
101 283 25
503 621 26
590 630 22
659 357 -7
542 445 3
415 335 6
661 276 14
626 510 5
565 12 19
127 376 7
206 647 11
296 298 25
721 245 2
23 602 29
612 64 0
110 22 -2
422 528 21
546 650 15
644 304 -10
642 254 4
85 385 26
327 26 26
245 187 -8
690 70 -4
503 318 23
100 119 16
590 299 1
205 409 10
536 628 29
530 394 8
33 49 -7
705 145 2
408 237 10
517 526 5
246 576 5
100 10 13
246 469 23
338 35 -8
280 60 24
312 78 22
247 301 -1
388 228 24
169 82 25
173 234 6
55 476 -6
699 164 16
481 462 30
167 266 -6
580 535 21
24 236 7
119 203 13
414 267 -4
510 518 18
152 137 21
490 235 3
550 265 15
597 526 -1
246 593 15
66 229 26
284 54 3
225 491 26
62 333 -4
206 483 13
370 411 -6
478 226 11
330 313 25
108 387 20
126 343 12
639 601 8
392 37 2
327 569 -10
489 264 7
193 511 22
598 114 13
235 712 -3
407 502 19
588 201 10
115 178 6
654 418 21
590 253 -5
693 699 14
473 490 4
501 31 17
454 286 1
424 681 8
356 397 -2
554 114 -10
307 142 18
607 609 1
564 574 27
627 161 8
428 305 7
321 380 17
65 219 4
400 495 24
678 96 -7
81 311 -4
418 198 0
693 601 10
530 248 19
86 254 15
163 243 -6
421 578 6
320 584 -9
703 648 11
357 199 -1
381 138 -8
467 247 0
729 398 8
624 701 16
27 413 29
486 199 2
509 382 20
368 486 -2
319 624 13
586 334 26
324 277 28
308 114 9
238 314 10
156 249 -1
289 602 24
555 328 17
697 293 -1
168 314 -4
42 40 9
134 596 7
313 305 22
631 417 16
133 83 26
211 456 -3
158 587 -2
310 329 6
564 522 15
645 488 20
526 28 3
130 444 28
168 419 3
430 125 7
198 247 14
666 296 -8
263 445 10
520 292 17
383 189 16
83 684 14
597 160 22
557 314 16
484 165 0
645 164 28
194 205 -4
557 370 12
352 681 -5
591 249 10
43 305 23
258 656 20
626 170 5
331 149 30
541 43 -7
574 428 15
346 465 30
188 519 -5
53 682 -4
2 110 26
518 43 4
417 187 21
557 124 30
128 169 1
54 505 22
409 447 14
499 479 3
432 253 7
165 2 22
597 625 12
204 610 5
488 266 29
476 493 1
226 645 9
91 115 3
33 622 1
253 447 28
722 453 24
516 584 23
104 67 24
500 311 29
571 585 27
356 713 24
439 4 -2
399 26 0
551 419 28
641 507 -7
192 163 -3
669 589 24
154 224 9
681 376 25
711 535 4
184 508 18
278 411 -3
497 508 -10
399 451 -9
256 633 25
434 698 4
73 702 5
123 470 21
682 273 25
690 590 22
336 250 13
135 369 -6
348 166 5
622 100 28
258 191 30
231 318 6
41 9 14
515 363 -4
569 615 12
227 559 9
134 374 28
308 588 21
39 725 25
386 300 -5
659 495 -9
304 545 13
568 343 5
78 70 -10
242 519 23
29 452 -7
174 401 9
533 219 7
173 661 7
674 463 16
161 560 16
677 699 10
257 334 27
184 455 28
534 526 -1
47 1 -4
317 360 15
667 579 18
68 209 3
539 513 7
180 469 5
267 214 22
443 423 11
411 563 1
623 209 6
273 588 8
274 514 29
490 573 27
688 696 11
16 219 30
524 684 6
299 331 -10
674 336 12
125 354 19
289 214 18
129 631 -10
386 14 22
639 670 -1
348 136 -7
436 276 27
348 109 22
93 666 -3
497 376 24
173 639 -2
298 266 -4
380 449 12
67 161 12
489 129 5
19 107 16
383 669 10
308 197 -9
400 627 17
215 377 -2
132 379 26
454 62 25
340 607 21
655 445 -10
332 673 6
190 534 7
538 45 29
63 189 27
545 312 5
65 545 16
33 277 20
309 155 28
449 607 14
105 199 28
297 238 2
187 62 -6
64 464 8
217 711 10
155 633 -2
620 311 28
110 65 19
3 505 1
703 217 29
410 32 9
651 555 25
372 127 12
279 296 3
660 716 0
566 616 -1
103 200 4
271 112 14
183 25 -3
253 256 15
663 431 7
305 556 -5
522 576 13
257 308 -8
483 332 21
518 232 22
728 664 2
394 348 28
160 585 6
12 15 21
490 459 27
148 143 1
540 616 2
60 690 23
401 203 13
336 560 30
307 622 26
238 438 4
38 21 7
696 295 24
204 184 15
316 516 19
437 95 3
718 344 -5
415 124 13
107 336 19
378 670 8
487 712 -6
506 383 9
708 530 5
408 635 24
68 411 8
457 47 -5
419 181 8
258 583 26
122 21 -9
459 271 23
205 128 23
688 523 24
337 455 17
25 294 18
131 662 0
341 473 16
68 524 10
503 245 22
574 196 -7
110 282 -5
621 259 20
537 609 -6
375 703 17
46 530 28
178 321 -10
132 79 23
613 674 -10
408 550 -1
608 583 -6
74 339 14
258 118 10
667 551 14
254 562 18
337 376 7
706 598 18
162 553 23
174 409 17
597 180 17
672 310 9
538 267 5
161 381 30
290 574 17
56 556 24
390 167 25
128 422 -7
140 243 22
229 670 15
182 252 16
724 84 5
311 411 5
632 668 16
210 263 10
492 287 19
602 270 21
472 496 0
78 115 -6
727 505 -9
152 418 19
83 34 20
270 623 -10
675 96 -4
168 55 27
657 20 10
217 550 -9
697 528 19
427 497 25
214 255 23
484 179 13
506 164 8
428 683 13
514 592 9
716 519 0
592 406 8
603 124 15
597 438 5
557 197 26
55 322 10
38 283 6
3 388 16
290 418 14
511 726 -5
703 682 21
617 350 17
726 719 21
403 3 14
601 421 -10
656 62 19
7 431 3
155 443 0
527 368 4
613 374 22
117 36 21
350 143 6
12 266 2
624 516 19
593 144 4
625 30 22
255 719 8
195 295 23
350 580 19
494 667 26
205 606 -7
723 439 -2
148 436 -2
243 687 9
301 638 5
127 401 16
469 52 2
517 185 27
610 68 -9
498 53 2
679 223 30
171 27 -10
239 215 -4
559 190 11
274 533 30
698 142 19
67 286 -9
244 13 24
716 547 -10
639 394 7
328 68 -4
182 56 20
634 44 15
43 192 9
569 707 18
682 516 -3
281 105 -6
453 9 -3
392 465 21
520 259 17
438 669 -6
13 729 -7
157 275 13
632 17 24
404 513 9
193 35 7
553 233 -3
257 171 -1
255 724 29
259 273 2
1 138 30
683 120 9
245 214 12
218 150 3
187 487 21
628 76 -1
680 270 -4
600 196 21
175 543 -3
582 402 17
225 326 27
217 682 19
631 78 18
545 467 14
72 643 15
145 241 16
426 234 29
217 716 8
727 14 10
657 267 -5
258 338 -1
348 477 17
696 124 1
550 43 13
73 369 -3
22 233 -10
45 573 -2
86 364 9
237 414 11
201 631 7
202 627 -1
653 646 19
198 266 26
140 312 13
333 75 14
242 561 13
312 8 -7
384 280 4
360 104 15
38 534 -5
362 644 -8
187 212 2
7 443 17
189 56 21
717 36 -2
230 385 -4
568 62 -10
595 50 13
520 181 29
641 506 22
641 103 -6
639 614 29
367 617 6
246 498 -3
186 608 -5
148 161 23
166 455 14
574 349 6
263 421 -9
705 689 29
10 515 1
556 185 0
72 406 16
342 47 -1
532 372 -9
419 148 7
103 510 -3
320 376 -5
89 6 11
72 7 24
365 234 8
562 500 -9
383 234 -6
495 649 -8
329 276 28
434 659 18
509 429 -4
211 636 17
168 695 -2
611 589 11
570 337 4
136 566 -6
141 684 7
364 487 29
234 25 22
42 386 7
372 70 -6
337 536 9
35 77 17
76 136 26
705 632 6
504 404 16
517 675 -1
652 131 30
427 718 15
644 590 21
162 199 29
365 499 3
679 180 -4
521 535 -9
239 548 29
57 661 0
285 579 -4
463 319 5
571 292 23
299 282 3
4 528 26
258 332 -4
539 666 26
421 12 11
468 57 23
402 553 28
289 724 11
406 23 24
242 108 -10
685 532 -9
292 141 -8
427 513 5
132 200 18
665 513 24
48 228 -1
501 325 26
229 2 10
391 126 -8
95 248 19
542 457 17
651 76 -3
133 3 8
481 524 20
48 313 25
66 601 19
327 266 1
185 75 2
659 212 17
55 58 2
181 36 -1
551 67 23
158 419 -6
707 331 -8
553 47 22
287 539 -9
305 659 22
485 293 11
197 398 11
518 597 -1
666 496 29
47 51 6
86 650 2
462 562 23
466 269 28
136 487 3
523 502 29
301 431 17
665 557 2
128 86 -10
22 89 25
243 662 -9
28 290 -9
23 293 24
439 447 -6
328 680 -5
589 720 -3
303 505 17
258 188 6
172 207 28
56 576 10
36 229 2
330 156 -8
443 223 19
278 578 -9
681 475 10
592 386 6
66 548 0
560 158 12
211 481 18
45 57 -7
585 195 8
57 188 14
590 432 1
454 409 23
600 414 -6
180 622 22
202 531 27
42 615 27
317 170 5
648 246 19
302 590 26
393 184 27
202 200 11
117 446 -8
502 147 9
423 100 2
329 208 11
361 667 19
368 333 -10
142 277 19
573 464 25
99 8 7
266 716 2
94 458 11
43 661 23
545 553 17
576 115 4
682 510 23
385 464 5
143 124 28
442 458 13
60 448 18
533 29 -1
388 157 2
443 119 14
701 165 22
56 541 27
723 673 9
703 644 24
161 399 -8
8 103 21
597 61 18
647 595 1
29 671 30
48 259 13
160 360 10
37 442 -10
362 27 1
175 193 18
478 69 -8
269 475 22
287 235 3
349 391 2
508 353 22
565 688 -1
8 476 -5
511 570 15
338 318 -10
472 192 26
493 331 -9
713 374 17
412 684 23
288 68 29
337 657 26
602 554 21
84 188 30
47 339 -8
342 45 10
146 474 9
650 480 7
171 657 6
150 382 17
37 15 14
625 162 30
154 299 18
457 537 -3
462 257 2
3 157 28
168 350 23
654 42 5
151 154 -8
221 14 17
7 145 11
217 342 18
232 502 18
2 251 27
711 722 22
334 366 -10
517 62 5
673 319 5
679 676 29
678 592 19
199 391 24
181 697 2
49 517 8
505 540 -9
238 408 18
721 77 9
418 77 5
615 468 -4
260 537 -6
214 671 14
707 540 20
579 57 0
728 690 24
278 376 16
291 16 17
665 523 18
504 208 19
329 513 28
258 156 30
441 546 2
314 684 24
590 477 6
168 148 -4
563 332 25
405 98 19
321 616 11
529 125 -8
290 441 -3
671 431 8
271 67 7
244 231 30
280 21 15
149 345 30
502 641 -5
350 301 12
588 303 21
547 469 28
266 107 6
631 323 -6
280 682 11
357 686 29
406 469 8
4 723 -8
188 245 7
380 556 6
510 637 -3
281 572 -8
571 432 26
209 517 8
32 170 5
92 380 -2
252 61 15
20 90 -2
94 317 10
617 307 6
147 415 24
351 466 5
697 49 -3
82 62 27
479 348 -7
574 40 -1
38 313 5
326 262 2
645 532 -8
490 174 27
252 668 3
728 395 16
537 136 25
256 647 2
633 340 9
702 38 25
200 425 -4
378 219 22
157 471 -10
629 105 2
540 348 9
653 498 20
691 272 -5
340 385 -1
441 331 -10
536 462 -6
336 469 -2
490 290 14
689 702 -3
514 516 2
98 67 -7
477 118 25
595 305 27
418 678 25
72 399 17
538 563 -4
564 673 21
364 657 -7
218 243 24
18 478 18
553 503 29
664 230 1
155 655 18
92 611 17
483 495 19
658 498 15
285 226 26
113 383 1
719 489 2
458 601 22
587 196 21
678 71 -5
661 105 18
248 206 -8
9 44 16
176 331 7
555 446 29
472 135 0
315 86 -8
19 73 24
123 165 -9
386 453 -1
163 419 19
221 11 25
295 430 -1
235 218 -4
511 403 9
45 539 10
591 268 10
238 420 8
76 72 6
19 563 -5
290 133 -7
699 393 5
345 570 10
362 149 9
712 303 15
683 604 20
10 98 29
147 698 -3
182 285 14
470 212 -4
601 196 -1
294 515 2
414 274 18
303 640 25
576 234 17
596 435 -10
174 223 9
146 630 5
398 23 -8
507 608 30
600 661 -3
579 35 19
225 420 -8
721 93 4
67 255 8
19 568 -9
7 105 -8
279 652 25
341 283 29
78 527 3
558 361 16
419 168 -4
663 697 0
638 451 7
163 130 5
355 178 -10
522 520 2
365 187 9
531 285 27
519 196 9
606 592 10
492 106 27
582 535 15
283 328 -9
455 101 7
337 668 24
535 450 30
662 427 -1
660 339 -8
681 647 5
119 503 25
168 438 0
447 589 16
437 587 5
90 491 29
88 101 24
398 577 12
591 555 24
608 529 17
86 478 26
18 127 8
524 721 1
666 470 24
89 495 -1
696 506 15
538 159 26
210 68 6
6 286 -4
293 284 -10
71 365 -1
386 148 -10
120 179 9
195 372 -6
230 660 18
64 579 3
267 363 15
538 417 21
326 587 -4
665 693 -5
443 298 3
136 412 9
149 360 16
2 667 -2
351 355 27
519 249 -4
79 31 -5
571 361 23
412 459 19
188 232 27
22 66 -1
487 300 2
459 685 20
326 655 3
151 450 13
192 127 -10
377 311 7
244 365 5
515 642 0
594 455 5
615 207 28
315 293 10
201 115 4
402 292 -4
638 679 -2
46 676 -7
477 215 30
123 128 13
246 291 -8
160 627 5
161 424 13
580 3 26
236 651 -10
210 186 22
201 705 27
431 368 -10
32 74 -6
237 642 -10
62 291 -2
619 463 1
388 354 -4
417 687 22
7 39 -1
676 634 22
581 243 6
689 41 5
57 3 13
131 533 -3
113 304 1
190 537 -10
222 515 -6
233 378 14
515 481 5
25 679 7
418 519 26
461 379 21
356 60 26
630 382 9
618 695 30
426 193 -2
228 379 19
503 209 -6
644 296 1
410 282 7
371 582 18
59 519 15
53 606 11
273 549 13
104 249 30
141 543 29
39 4 26
656 480 -5
109 462 29
196 388 28
404 52 -2
549 347 -3
84 31 21
123 522 0
467 693 -2
243 727 0
161 714 30
160 681 1
158 50 9
140 268 29
220 205 3
313 532 -9
479 96 14
609 346 -6
243 472 28
580 381 23
525 531 7
205 638 20
334 403 -7
222 40 18
295 358 -4
656 139 -6
643 112 26
174 215 3
276 395 15
97 43 20
335 208 -3
505 338 -9
9 559 10
512 372 8
231 313 19
322 486 11
729 15 1
415 549 6
686 78 20
23 146 10
357 269 5
451 300 24
475 663 5
525 683 -5
339 424 29
178 18 -3
140 489 8
86 583 18
631 728 -5
514 143 3
674 631 10
237 150 9
33 414 17
639 570 27
607 459 18
608 712 -2
695 368 -8
311 498 13
344 535 4
709 172 -3
630 343 11
701 227 15
672 51 -9
75 318 16
609 683 14
436 382 6
252 362 13
518 726 8
682 144 19
389 546 18
584 605 -3
610 299 27
349 356 29
27 632 -4
171 338 8
656 99 23
156 393 19
523 103 11
343 276 19
689 487 1
29 702 28
536 326 30
522 605 -8
270 349 -4
388 378 -5
238 560 12
239 375 -6
115 686 -9
535 720 24
693 250 -2
687 280 27
336 228 21
568 634 2
569 372 12
63 706 2
477 694 6
460 564 16
700 323 20
106 534 16
100 99 7
594 391 -3
516 10 -2
193 243 21
333 354 18
664 237 -3
390 301 23
337 553 -10
677 23 30
135 689 10
291 227 3
546 287 -9
604 321 -4
299 148 14
374 285 -1
116 658 30
379 102 5
545 705 20
704 729 5
480 192 24
661 595 25
675 537 7
202 85 23
523 218 14
709 3 1
342 488 15
625 500 27
265 226 6
530 672 10
298 565 27
140 653 17
47 632 1
589 136 17
675 529 -10
614 130 12
158 71 1
303 724 11
190 474 19
723 223 -1
609 349 17
584 431 16
39 141 12
532 73 10
723 478 27
716 316 9
15 685 11
674 683 -9
50 332 -9
24 17 -2
468 491 23
518 524 -9
185 561 10
66 464 8
463 159 -9
221 456 19
644 546 11
262 290 0
672 535 9
98 173 19
645 10 9
252 675 18
70 420 13
721 238 30
57 12 10
552 504 20
173 679 15
588 434 29
614 162 12
34 361 28
51 503 -5
656 381 -6
503 144 -6
139 101 24
683 94 4
319 717 29
493 413 5
324 81 0
489 605 27
224 369 12
637 489 20
492 43 30
291 277 23
329 481 26
663 441 14
433 316 8
100 29 3
418 405 30
187 278 29
541 679 27
107 85 -4
122 491 22
427 199 30
379 544 14
487 168 3
315 548 20
148 72 9
711 297 18
686 593 -9
243 701 -7
263 384 -10
689 557 -9
137 621 23
659 383 18
565 41 -4
308 497 30
244 384 14
643 551 -3
226 272 24
391 274 9
138 186 5
657 668 -10
642 197 12
381 330 27
138 263 19
532 613 -7
191 280 5
21 5 7
726 15 5
220 411 11
489 395 19
276 708 -3
48 347 19
533 269 -5
282 342 15
269 282 -9
676 301 25
139 297 10
189 418 -1
387 104 27
61 682 24
404 284 9
180 621 14
157 543 21
669 482 -5
467 560 -7
521 250 8
48 291 -5
651 605 3
515 8 4
424 564 -9
120 684 10
665 238 -1
229 616 -9
106 65 28
265 589 24
483 237 25
25 432 3
643 156 5
32 56 9
105 717 9
233 373 13
488 461 -3
352 438 -3
525 410 27
606 9 24
542 452 -8
661 109 10
72 30 22
628 60 4
446 104 -9
122 81 7
690 718 9
340 464 -7
697 161 30
305 581 9
236 415 10
507 541 27
697 145 26
383 131 -5
223 257 -8
364 226 25
10 148 29
164 430 12
574 717 6
188 668 -3
94 650 -8
168 260 16
2 50 25
199 275 15
589 606 26
600 672 25
501 166 28
322 177 -5
134 197 24
400 238 2
383 160 4
342 395 24
136 595 7
611 339 25
310 99 6
64 80 24
656 415 28
486 223 -7
616 18 14
471 463 -2
411 538 10
656 458 -8
344 729 20
241 43 17
382 444 -4
521 152 15
386 499 -7
271 621 -3
632 639 14
338 378 23
513 319 -5
634 726 25
152 252 20
194 5 5
498 6 10
416 563 -9
304 455 -6
237 641 20
434 688 7
296 497 -5
665 54 17
719 181 -8
215 451 9
498 429 17
463 729 1
667 25 15
588 182 28
344 489 18
550 314 8
364 272 14
152 498 19
43 729 6
385 435 13
171 617 7
160 508 21
178 430 13
304 410 -10
569 613 29
145 34 -6
366 97 1
626 323 -1
515 384 21
441 93 4
12 321 29
694 368 19
406 83 29
476 587 -10
595 336 -1
212 213 10
129 66 -7
246 485 1
299 665 -8
396 285 14
