9 265 3
418 558 23
191 127 -10
104 599 7
576 57 12
418 150 -6
260 564 30
254 40 -8
338 595 29
667 48 14
334 302 9
659 722 -10
231 401 -10
612 384 10
422 300 13
310 97 7
666 217 10
145 625 -8
228 176 -5
335 68 15
694 373 3
91 485 -3
36 109 23
685 76 20
90 580 8
486 42 12
223 406 1
458 334 25
115 189 4
210 267 24
445 46 15
140 517 1
614 254 27
636 265 19
526 635 19
346 295 30
183 210 27
232 303 18
209 76 -2
79 675 26
431 258 4
381 38 14
95 563 29
704 292 20
715 258 18
484 199 8
295 133 18
529 274 6
607 272 8
507 579 16
513 574 0
336 488 5
616 409 -6
13 548 -4
694 484 -8
650 275 20
640 698 20
467 366 28
154 585 29
210 604 18
489 51 1
587 533 29
378 388 13
469 376 -1
165 531 -8
131 42 -2
423 345 29
39 419 16
165 374 -3
418 269 18
99 727 26
108 136 -3
701 113 21
464 299 -7
427 106 20
317 589 16
201 241 10
323 608 3
623 20 7
558 663 6
528 435 20
351 615 -1
173 664 10
322 633 2
156 214 -1
619 483 0
707 678 27
325 422 17
4 73 -6
161 682 30
337 487 4
622 229 18
723 76 6
695 446 4
448 446 13
423 222 0
600 172 5
245 400 22
63 260 4
540 435 26
346 6 5
389 458 12
331 299 -5
668 337 25
198 315 29
614 278 8
622 348 30
316 29 13
32 368 -8
111 720 16
581 63 -4
529 201 3
297 95 -3
261 263 16
299 83 26
579 656 -6
335 711 17
155 712 27
167 611 -4
658 591 14
64 166 11
486 51 16
100 58 11
271 111 9
378 56 23
27 161 27
209 706 19
280 91 -9
540 660 21
465 648 20
46 76 30
210 541 15
117 536 24
649 620 6
203 716 15
172 124 -9
364 390 7
689 237 -6
506 330 17
716 628 22
268 186 -7
423 487 10
499 124 1
559 8 11
713 437 9
718 615 14
560 655 15
118 33 -4
205 662 4
211 494 -7
725 256 -7
24 252 25
430 199 21
190 446 25
518 687 24
110 71 8
231 175 -10
279 70 16
555 146 5
566 510 -7
197 71 20
5 447 18
134 521 -8
416 623 -5
638 418 1
273 249 0
611 341 30
422 665 8
518 394 15
413 285 4
544 433 26
471 655 -9
441 375 8
180 537 11
248 214 -3
549 645 7
9 34 22
191 722 2
643 460 28
371 672 27
552 455 14
387 542 12
573 283 -7
59 125 6
600 362 28
88 49 25
444 169 22
400 407 -1
587 368 20
616 318 17
133 172 -1
25 341 13
279 196 23
602 610 30
186 675 21
541 490 23
299 510 17
650 432 -5
44 631 4
699 519 3
382 545 26
309 178 -8
695 203 5
196 25 24
31 684 0
606 132 3
52 177 20
245 270 21
389 35 -9
169 649 -7
298 584 13
673 365 1
126 314 13
24 290 -5
469 691 30
722 568 8
121 436 -5
139 490 13
363 478 25
245 304 24
268 231 4
70 39 12
258 103 5
324 191 30
74 491 0
56 314 20
191 554 -10
348 641 24
358 265 28
144 126 14
385 726 16
483 314 4
483 30 3
618 353 23
354 69 -5
640 697 -1
678 298 29
522 125 5
279 339 5
606 3 0
725 423 -1
181 300 -4
254 103 2
549 98 -3
475 308 18
521 274 -6
390 233 14
705 285 -5
665 518 9
32 709 25
638 508 13
199 449 14
215 47 23
444 315 18
575 724 21
98 16 6
406 427 11
97 641 15
441 525 30
51 652 27
256 414 29
696 301 12
28 90 27
434 70 25
101 10 -4
31 302 20
567 257 -5
654 212 19
75 565 29
539 653 -9
519 126 -1
90 320 11
38 526 10
212 568 14
682 39 14
128 410 10
485 642 23
287 534 30
179 327 17
121 293 11
56 701 21
297 487 20
570 619 28
570 286 5
409 345 -2
586 441 20
61 394 28
557 406 -8
233 337 24
13 561 -9
455 168 -2
247 230 19
77 409 10
198 648 21
483 295 27
589 114 22
61 365 10
442 547 27
302 92 2
322 652 17
693 720 21
64 604 -3
279 129 -6
600 431 11
17 298 25
374 99 30
681 474 30
12 706 -3
452 142 8
696 40 21
550 126 -10
566 106 12
318 611 -10
485 349 15
612 225 8
186 429 -5
499 708 18
143 450 11
99 509 1
494 540 27
61 150 3
112 123 -10
111 449 -1
485 391 30
285 481 23
713 102 11
54 477 -3
460 44 -1
464 174 0
196 375 29
499 353 0
520 123 26
130 310 -10
510 632 18
398 72 10
714 321 29
402 559 1
337 535 -7
290 545 1
476 675 -9
229 512 -5
40 440 22
708 88 -8
347 318 5
289 282 -5
457 459 -5
81 722 24
613 429 11
597 499 3
171 242 25
448 545 28
620 517 7
300 442 1
384 489 -4
164 346 10
291 480 12
574 56 18
176 443 12
156 145 19
62 559 20
494 143 -3
194 137 27
189 86 29
664 93 -3
158 213 5
517 189 8
415 224 21
604 97 3
550 290 10
23 216 27
701 27 -7
336 634 29
625 145 25
28 695 16
451 491 -2
614 720 -10
324 597 28
424 163 12
715 232 7
311 447 8
47 329 26
475 246 12
85 73 1
687 265 -10
380 391 12
608 540 12
481 240 30
383 280 27
124 279 30
283 444 4
248 724 14
573 286 1
179 367 3
669 489 28
486 570 19
120 275 11
156 264 25
278 160 -8
60 431 -4
552 506 0
284 409 29
492 168 -2
368 306 12
579 324 14
309 376 23
114 142 13
151 342 11
402 268 30
633 455 0
456 440 21
600 366 27
266 37 -10
450 694 19
293 637 -3
59 637 28
461 615 9
619 223 21
713 76 0
474 95 12
398 446 2
499 362 -3
195 330 25
685 63 28
330 405 27
15 674 9
90 222 30
50 696 29
115 685 3
691 429 23
541 410 10
43 563 -7
392 194 10
411 493 24
541 29 27
290 348 10
74 76 -9
384 219 -6
122 321 3
433 157 -4
597 284 13
533 479 5
453 575 12
247 75 0
575 106 19
218 662 25
658 244 25
259 435 12
178 595 12
680 565 -6
249 313 -3
617 26 14
57 378 0
460 242 12
288 534 5
678 123 21
467 316 16
108 180 12
34 332 11
728 532 -1
594 617 5
331 72 19
554 583 7
363 86 8
544 406 6
13 515 11
31 314 28
480 285 10
452 440 -4
45 130 -2
318 466 2
242 40 18
153 695 18
724 98 30
691 575 4
568 24 -3
168 525 -10
596 229 14
96 701 -4
583 363 19
353 65 22
223 500 27
522 158 -8
239 671 16
323 414 19
2 228 15
48 103 13
356 216 6
194 436 17
67 129 13
460 277 9
517 98 20
17 428 -7
420 419 8
664 267 27
545 53 -9
148 162 -5
120 511 -6
719 639 23
557 446 -2
575 528 17
533 245 1
268 421 -10
141 495 15
710 141 -6
712 27 5
289 449 22
477 52 26
448 376 21
337 524 -8
476 642 19
640 242 23
447 608 19
606 567 -6
65 477 10
213 463 11
267 98 14
405 223 8
384 206 20
483 623 7
675 639 17
570 670 -1
384 431 -6
361 610 17
726 106 8
419 689 12
170 635 26
286 406 25
549 655 -7
83 491 29
515 555 -7
625 328 9
719 1 -1
375 291 21
206 391 15
58 675 22
415 252 11
24 394 -7
611 204 26
533 703 -7
444 116 -5
331 232 24
509 677 -8
197 354 -4
393 421 24
385 131 17
526 206 -8
385 252 -9
133 543 17
63 76 16
232 720 -2
728 351 0
658 727 24
380 546 -10
528 251 -1
298 238 16
530 458 1
137 37 22
552 92 16
696 341 -10
479 193 2
79 507 2
118 292 28
699 343 17
273 571 17
502 276 27
613 348 8
357 600 5
245 311 21
365 315 -6
311 714 6
425 242 30
502 498 10
607 586 8
405 465 -7
15 71 -2
152 582 -9
493 305 -7
400 603 -8
176 623 17
541 204 24
598 263 19
223 313 30
584 381 29
175 406 28
533 225 -3
540 341 -7
600 528 -9
94 39 20
90 603 18
721 203 22
290 599 5
488 100 12
394 412 27
297 600 30
217 166 -9
665 555 -1
587 567 6
538 241 28
50 496 12
614 594 -10
271 544 21
305 717 26
613 285 10
502 497 0
165 28 16
79 88 14
313 372 -8
479 115 20
112 59 25
518 414 13
201 592 24
583 252 11
96 423 28
92 161 27
49 45 -4
605 482 27
631 377 -6
423 228 -9
20 139 28
603 330 -3
702 538 15
122 37 20
296 229 -9
681 458 11
703 549 -5
473 67 -4
95 63 2
636 400 2
524 391 29
596 465 26
253 134 16
705 13 22
137 124 -7
340 478 6
455 386 25
275 294 20
28 587 14
619 456 26
185 703 -1
568 282 30
93 409 4
1 604 -9
75 120 1
497 199 -8
148 63 8
206 645 21
193 330 22
54 693 29
105 579 0
144 524 24
660 336 -3
285 651 0
310 476 17
205 493 -1
261 573 2
48 350 -3
322 5 9
588 383 -1
55 414 -8
397 16 8
385 347 28
314 223 26
700 38 4
711 201 -8
151 249 17
260 51 12
410 379 8
295 129 -5
456 491 -3
485 430 -8
232 319 24
358 209 8
630 694 26
87 527 3
354 499 2
519 426 -8
660 386 9
22 571 -9
25 192 1
306 163 -7
244 372 27
174 554 -7
331 510 18
327 562 28
209 30 12
283 291 21
526 477 19
542 344 -10
176 163 10
158 234 7
588 662 19
515 591 1
216 220 -9
432 259 -8
196 304 6
225 360 13
411 107 26
17 362 19
363 268 4
55 382 4
409 708 14
290 90 8
70 550 28
244 73 20
371 722 12
665 335 10
210 714 -3
62 401 22
269 161 24
632 299 -3
423 605 29
334 228 28
386 538 30
437 394 1
413 7 5
728 378 1
19 412 29
527 209 19
299 294 7
561 336 1
702 626 21
282 698 -10
641 407 -5
463 566 -8
71 421 -9
516 692 -6
515 66 30
657 106 -10
90 136 26
463 277 12
658 528 -6
705 324 9
440 516 2
482 113 19
667 673 0
270 491 13
549 269 30
43 292 15
573 186 3
541 504 25
660 55 20
507 55 20
239 110 8
183 493 -5
37 623 20
698 249 9
648 461 8
417 92 2
144 622 1
164 303 3
169 515 30
225 55 -7
315 399 24
644 329 21
255 236 -7
486 270 5
426 684 29
103 649 1
113 213 -4
315 214 -8
416 622 -8
558 61 -10
425 400 29
452 178 7
379 422 -4
592 34 24
250 58 25
361 313 5
192 578 15
197 328 -7
557 120 11
588 608 16
131 537 -3
691 253 30
287 353 23
99 606 9
434 693 -6
51 346 -7
581 245 -3
600 598 1
180 626 9
241 331 27
486 121 24
322 631 -3
423 357 27
582 122 0
597 17 -3
115 152 9
467 86 18
53 618 24
262 554 1
271 282 9
475 115 27
142 200 14
510 261 6
234 597 2
327 72 25
552 680 -9
230 291 30
4 719 27
181 593 30
128 240 -6
421 725 6
555 226 23
132 727 10
574 721 8
200 440 27
169 564 22
422 276 22
601 38 -4
143 43 -6
102 138 17
137 543 15
417 300 5
424 489 10
391 458 16
99 356 -1
331 37 6
684 250 28
304 361 -2
119 717 21
198 618 14
148 419 11
545 49 13
296 729 22
270 538 5
652 616 16
726 676 23
580 504 -4
223 63 -1
406 471 16
376 34 10
252 89 7
714 435 24
625 668 8
284 516 20
504 9 17
626 129 -5
690 192 11
324 403 18
305 645 -3
94 410 17
315 436 6
439 66 13
588 121 12
1 14 10
424 45 17
612 367 9
650 264 -4
216 15 -1
511 393 13
56 253 2
426 267 21
325 233 30
582 441 19
75 718 28
488 125 8
44 655 9
473 493 28
496 585 -2
728 29 0
441 631 13
251 576 -2
52 225 2
5 51 21
641 119 28
19 349 -8
704 384 2
58 360 26
721 365 -2
3 567 10
362 648 0
679 522 12
245 137 6
275 295 4
701 556 22
407 495 8
516 130 24
46 306 7
673 616 5
419 489 11
572 206 -10
451 375 6
601 509 -7
345 65 22
547 690 -1
196 157 5
217 524 6
273 1 20
402 480 24
334 562 10
648 309 29
411 383 -6
173 306 -5
397 552 21
466 4 6
445 95 6
651 166 30
145 692 9
222 721 7
618 249 17
302 659 -3
311 619 -10
273 406 -8
405 390 16
2 345 11
319 181 0
91 352 24
348 514 -2
364 497 26
469 414 18
718 459 27
532 446 14
89 447 28
286 215 20
646 341 29
158 517 -5
159 109 -7
293 57 9
299 700 21
155 537 19
638 217 8
221 478 7
600 557 -5
374 710 2
710 218 -9
493 219 -1
595 249 -9
304 292 -8
282 679 28
192 411 -3
680 375 29
341 238 -7
492 628 4
591 179 23
84 357 10
344 66 29
464 65 1
550 638 -2
287 720 10
363 506 6
476 402 14
224 430 6
293 372 -1
192 674 -1
245 265 -4
643 167 29
373 418 25
594 537 10
140 617 6
252 222 9
466 376 -4
596 669 24
330 373 5
304 303 17
100 441 20
376 192 -3
83 305 1
573 480 11
159 50 28
223 604 11
173 456 -5
661 175 -8
365 433 29
651 490 9
284 624 2
633 247 27
337 620 2
57 462 28
345 407 -8
268 299 -1
623 141 16
612 537 9
383 269 20
441 551 17
484 36 5
532 383 5
73 50 23
316 702 6
461 638 4
506 390 13
35 522 6
495 716 -4
635 137 27
345 101 -5
394 475 26
680 299 -8
114 208 -5
429 259 10
36 216 -10
714 517 10
672 403 -2
590 9 7
222 620 22
88 367 11
519 508 -9
108 104 13
197 113 27
182 645 5
724 342 -9
366 619 13
55 579 29
239 702 24
627 72 1
279 120 8
410 626 20
617 28 28
331 439 25
103 668 -2
427 258 19
546 480 2
450 274 1
335 205 26
410 478 28
287 330 9
473 279 -5
495 282 -7
289 434 23
211 194 -6
127 382 28
537 51 -2
371 109 7
348 198 10
207 202 28
85 103 27
414 532 17
284 714 -1
170 246 18
63 645 -9
51 391 20
72 712 14
434 49 -9
92 688 -1
66 334 16
113 342 4
278 499 6
506 274 13
334 60 22
299 212 25
20 190 -9
476 311 29
237 65 -7
296 480 18
430 160 1
54 213 4
221 519 -6
574 462 7
214 632 27
674 366 23
173 459 4
722 572 6
61 292 -2
693 119 -8
497 350 5
382 534 14
590 72 9
153 496 20
727 445 30
468 314 20
388 232 24
328 455 -6
261 19 1
719 465 23
718 630 26
91 538 17
683 518 -5
684 611 -8
132 327 23
729 310 -7
623 300 8
503 101 26
641 583 20
25 397 9
4 14 13
697 136 5
85 397 9
628 13 8
621 216 1
362 687 -10
521 182 24
328 97 30
499 630 26
271 97 -8
174 401 15
513 685 6
6 26 -9
498 661 -8
552 200 10
386 455 25
426 716 3
110 706 19
206 171 -1
134 608 -9
399 25 -1
46 254 -3
453 198 -3
399 563 10
51 187 14
118 194 21
347 74 10
434 124 18
193 557 0
96 602 0
271 626 28
231 382 7
81 628 3
687 89 11
361 336 -1
655 262 2
84 156 3
79 677 -3
608 373 16
164 570 7
545 636 17
627 162 7
414 535 25
27 430 29
508 721 1
650 499 1
30 704 5
127 164 -7
447 257 27
32 617 9
283 548 -5
18 542 17
263 128 9
703 674 -2
252 317 26
38 729 -1
128 530 -4
241 208 25
258 641 16
400 246 2
465 467 17
655 228 -4
215 329 30
480 122 -8
125 442 1
51 638 15
227 138 -6
609 94 26
724 205 14
110 189 12
370 57 20
213 638 21
666 569 27
639 467 20
725 438 24
294 597 0
279 55 13
107 584 21
278 320 -8
82 62 23
160 263 19
630 655 14
58 494 7
564 225 14
386 69 26
521 309 0
150 60 22
511 462 26
105 675 -5
42 720 11
409 40 13
187 395 -9
693 69 -9
102 627 9
117 675 9
282 129 15
458 114 24
262 548 3
571 3 21
275 364 30
660 116 11
7 332 -1
727 236 14
109 642 27
423 274 -6
171 724 -2
401 696 -5
684 529 10
568 720 11
331 417 4
631 36 1
286 404 6
520 7 23
326 288 11
19 44 -10
678 476 0
330 98 2
708 317 11
621 6 16
11 306 1
342 411 -10
521 465 7
344 291 20
460 506 29
463 160 8
600 409 -9
280 464 5
357 405 13
717 508 13
31 5 3
411 611 1
72 441 0
30 91 5
521 423 -2
170 634 4
352 704 21
27 646 -7
329 12 18
269 686 4
689 410 18
194 627 13
566 145 8
503 84 22
683 681 -4
77 443 9
601 30 9
520 703 13
155 626 19
174 659 10
343 584 13
564 412 -2
90 285 -2
591 344 29
180 124 30
698 278 -10
426 686 7
414 142 -5
617 296 29
132 660 23
630 140 29
11 657 11
435 678 -10
542 235 -8
320 39 -7
701 326 1
476 262 20
588 314 -5
100 337 -1
616 26 8
265 131 17
578 656 27
686 411 4
486 181 4
436 59 27
368 299 27
481 29 -7
79 567 7
389 613 1
316 33 9
138 26 26
475 516 15
386 500 6
344 343 18
526 319 16
254 160 19
445 495 15
174 464 -2
656 193 11
693 92 -7
443 361 27
385 548 17
328 688 30
425 148 19
641 367 28
208 137 5
382 547 -1
429 162 1
636 345 30
262 41 23
405 408 0
218 149 1
715 237 6
209 128 2
705 209 25
291 568 21
443 263 -8
582 606 6
217 32 28
139 210 0
671 85 7
69 257 21
78 298 -6
626 460 12
354 56 -6
644 117 5
351 143 30
522 616 -4
399 699 -7
479 258 -7
42 311 -7
49 403 14
566 663 14
208 444 19
553 724 -10
395 359 10
322 172 -4
332 573 -1
697 234 -4
225 107 -6
533 409 -9
612 256 27
446 137 4
637 48 -2
316 296 19
682 405 7
563 287 24
618 516 28
171 691 -6
367 232 -5
697 339 23
661 575 11
102 716 4
287 632 18
105 437 28
384 217 6
215 220 26
556 105 2
78 544 3
470 611 -4
190 703 20
81 480 -6
464 178 5
245 508 10
192 125 -8
718 368 10
321 465 -8
471 322 16
523 260 16
129 653 14
540 689 -5
483 679 -4
189 414 10
288 348 13
627 509 14
695 363 21
447 147 20
228 723 18
52 81 6
274 547 -5
250 294 17
332 259 -6
501 699 12
6 690 -4
633 201 25
691 246 20
149 128 -2
112 270 14
497 286 20
81 345 1
230 546 28
445 602 17
385 249 12
310 14 13
210 109 12
175 728 17
134 580 0
353 49 27
630 581 -2
602 227 12
570 437 2
413 441 -1
607 617 0
299 568 12
16 267 3
633 421 -7
566 250 21
248 113 4
16 484 -2
498 539 -2
181 377 19
397 393 11
47 246 10
329 260 20
192 122 9
533 330 27
215 29 28
601 545 9
158 479 5
692 616 16
439 425 6
603 413 0
198 348 15
661 517 22
342 504 2
283 636 16
215 283 -8
239 271 26
85 416 17
84 115 5
291 277 -9
213 310 8
575 490 23
660 610 15
548 4 26
522 391 0
649 722 -10
612 109 23
277 227 25
592 303 -9
142 391 5
2 534 15
290 167 -8
511 491 3
520 477 18
684 62 13
231 405 26
720 167 25
388 401 21
17 235 11
317 699 -7
69 506 14
306 639 6
168 6 0
60 72 3
513 122 17
623 657 26
135 667 -9
396 359 -1
697 513 10
684 345 8
595 300 2
687 582 23
541 487 -9
73 272 -6
404 316 -4
367 233 -10
240 154 12
145 398 13
332 648 28
108 442 20
304 386 1
538 261 30
60 102 -7
234 511 20
666 623 25
535 97 -3
210 113 -3
587 709 13
186 168 26
344 390 14
425 560 24
713 272 24
554 346 27
698 346 25
647 320 2
621 46 22
191 82 -2
712 391 17
57 474 24
133 579 16
576 674 30
474 579 20
100 61 7
594 585 -3
634 231 17
728 527 30
6 358 -9
265 157 8
541 568 -5
25 56 -5
271 571 -4
728 423 23
123 71 26
134 11 -6
173 242 6
263 9 18
251 344 6
268 698 18
508 394 0
111 501 27
458 275 14
83 472 30
398 164 -10
201 368 18
4 366 22
173 14 18
233 651 -10
191 279 12
358 135 10
317 552 12
517 161 3
245 246 21
562 423 8
475 236 16
402 632 1
583 117 25
670 266 -8
398 457 9
52 302 20
565 624 -10
371 394 7
445 547 16
181 579 10
210 146 7
691 484 28
704 383 21
595 86 9
606 624 1
94 595 6
86 464 16
541 183 -2
611 506 8
634 235 15
560 379 30
582 562 17
243 414 1
124 526 8
416 145 -6
452 217 1
628 323 16
523 588 -2
183 94 23
380 501 28
82 193 23
164 422 3
336 343 -1
35 130 3
272 226 28
440 312 -2
236 723 30
607 143 -10
191 109 -5
198 96 18
586 532 -9
462 727 13
300 80 -10
68 422 12
232 288 21
253 16 19
632 337 7
568 138 11
646 285 14
546 360 2
412 679 -3
507 37 26
193 345 19
221 116 7
371 229 3
176 465 16
133 46 -8
727 197 6
64 6 14
178 217 7
160 523 10
312 276 -3
20 197 24
550 257 -2
14 646 19
89 645 6
370 165 -8
282 149 19
405 3 -3
580 334 20
301 534 16
412 268 22
572 170 -6
497 619 -6
179 448 13
59 55 18
693 425 -3
718 235 9
669 663 14
359 65 -7
561 172 -6
577 598 9
451 293 -2
177 508 18
657 170 28
331 186 3
594 170 11
529 27 23
221 306 13
372 136 7
122 298 -4
415 208 3
426 37 29
693 51 20
41 475 23
43 607 26
714 649 3
596 168 -6
15 376 7
409 406 30
65 45 24
659 616 23
509 490 10
574 1 11
638 613 24
217 11 12
110 306 16
611 137 15
484 677 4
630 695 4
284 305 14
418 640 10
464 306 -2
592 62 23
505 105 -7
496 73 4
182 110 -3
141 93 11
266 346 25
162 389 9
500 67 23
619 87 4
43 665 0
718 18 30
679 646 28
61 644 9
2 357 -3
36 554 -10
685 552 30
279 616 20
90 536 -5
635 199 28
540 642 0
76 136 19
598 670 22
39 603 22
648 269 1
132 436 27
164 669 25
34 301 13
2 487 13
270 527 22
522 246 -10
126 500 8
501 225 26
680 315 6
491 266 7
474 628 0
598 542 10
481 230 22
8 144 -6
477 302 18
561 503 0
432 516 -9
719 530 15
412 499 20
722 402 -6
468 177 14
456 516 24
427 612 -4
146 81 0
636 90 21
696 299 30
324 635 9
615 105 18
572 663 30
684 82 16
54 92 16
553 156 8
377 228 -6
552 472 16
156 579 -10
358 210 14
637 129 23
227 96 7
127 599 -8
486 703 9
562 105 26
169 211 -8
586 386 -3
121 207 -6
293 545 -6
694 511 7
482 461 3
61 538 0
3 275 22
396 115 17
101 568 -7
679 569 22
480 37 26
503 103 7
217 432 -3
687 501 12
496 195 13
163 635 6
487 326 16
445 233 26
396 59 0
111 728 8
659 375 11
506 312 -8
427 409 21
728 263 15
253 362 12
655 72 0
61 381 0
66 566 14
685 229 9
535 461 21
375 727 23
450 566 29
605 33 -10
416 66 -8
51 153 -10
495 198 12
170 611 24
522 148 -7
716 478 -2
301 651 11
351 441 -10
402 407 13
720 438 23
707 285 3
578 421 16
654 2 2
700 385 4
297 398 6
38 665 -9
154 376 -2
630 103 18
587 155 26
293 4 -10
692 711 3
527 293 4
281 218 6
327 263 13
611 197 -1
668 392 21
117 491 3
322 197 25
548 187 7
197 102 23
655 67 -3
463 317 24
242 26 30
289 141 25
292 568 30
357 208 12
15 257 24
639 168 -5
9 72 0
522 194 12
690 34 8
466 703 24
417 599 -6
253 703 23
449 698 10
517 640 21
272 594 20
698 587 23
489 653 28
667 340 2
676 640 -3
660 296 18
181 246 30
149 304 13
378 330 -7
610 206 17
114 60 -2
208 223 12
225 388 23
525 230 -4
724 62 17
176 675 24
350 381 -6
116 338 17
281 17 -5
217 286 6
165 411 23
501 44 5
701 634 9
132 281 2
27 519 -9
139 243 -7
530 229 -3
459 701 9
587 331 8
156 597 18
283 214 -5
136 525 16
20 514 -8
227 224 7
490 315 30
361 645 10
80 692 17
291 135 11
371 133 13
607 600 28
357 283 -8
222 133 -4
60 650 26
401 485 22
523 138 5
618 710 -2
332 499 19
509 706 29
427 447 -10
551 116 24
624 163 -2
557 567 11
231 495 9
438 68 16
384 434 11
6 25 6
24 691 17
441 291 12
129 600 13
582 492 30
623 105 0
10 493 30
333 279 8
490 143 11
696 668 1
176 374 1
637 483 -10
378 445 18
338 284 1
421 480 30
250 267 15
664 13 10
518 18 4
226 562 -2
406 627 9
469 320 28
172 190 25
100 512 18
433 37 6
715 145 1
159 77 -8
99 451 -8
212 552 12
123 3 17
178 603 12
362 369 18
426 419 -5
222 588 12
655 724 6
333 8 -8
299 295 13
100 544 -1
354 694 -4
88 158 4
577 543 -7
271 75 9
158 301 24
575 464 5
573 668 24
666 70 8
6 407 25
701 688 16
687 69 6
14 640 -6
105 713 12
720 460 10
536 636 28
231 148 16
490 154 -7
267 193 12
219 215 21
536 263 -1
189 357 11
60 705 -2
669 518 26
489 311 10
423 385 -3
660 419 9
388 409 -3
652 375 15
51 645 4
55 438 4
220 599 -9
357 354 29
594 267 21
348 483 20
277 90 11
67 459 3
433 520 29
73 704 1
710 596 16
313 368 14
604 146 22
474 724 25
53 501 7
345 414 20
303 718 -7
685 484 25
92 505 29
509 274 28
173 101 23
562 251 9
157 51 17
361 8 21
387 294 23
328 361 10
572 111 28
226 691 19
397 575 -8
648 575 -10
109 30 2
470 715 7
86 447 -6
640 32 2
269 306 -5
537 430 -3
231 128 -2
532 729 25
406 186 -9
446 274 1
251 134 12
718 514 27
206 567 -3
622 79 17
182 728 -6
41 36 6
66 204 25
616 266 17
644 602 0
503 593 -4
429 7 -3
325 252 -1
456 544 22
413 385 28
413 541 20
575 549 2
180 576 9
560 296 -5
523 418 19
72 627 29
665 568 3
483 375 3
560 675 18
198 308 -7
408 591 29
497 213 13
722 678 -2
617 162 2
319 175 -9
427 252 30
166 442 24
258 639 20
608 622 -4
587 82 15
596 292 5
624 103 9
367 77 1
400 656 7
573 52 4
433 22 21
8 64 23
428 414 -4
455 296 0
182 210 -10
371 599 7
339 243 24
200 415 17
192 693 27
518 288 24
464 73 -8
673 349 10
104 523 21
70 442 -3
728 243 -6
384 191 -1
188 597 2
542 93 11
371 533 22
407 55 -4
607 598 21
79 219 -3
121 339 13
550 153 -9
513 708 30
542 454 28
172 653 30
464 509 4
480 598 12
647 142 -5
659 520 13
72 591 6
125 428 26
47 623 13
170 136 -5
499 136 28
593 214 18
106 668 6
456 607 12
57 519 23
547 151 7
510 404 30
344 301 -1
707 105 16
169 203 21
642 57 20
661 207 0
261 527 22
354 572 10
402 435 8
186 628 26
471 221 24
102 207 12
449 545 -6
346 515 4
188 372 29
505 659 27
81 252 10
172 219 2
332 289 29
610 126 -10
471 503 -1
38 659 18
590 16 -9
534 164 2
160 48 9
561 36 -6
625 357 5
157 375 -6
327 547 -4
473 592 8
575 34 2
622 66 -10
669 219 -6
427 17 27
465 552 10
513 21 25
104 639 0
477 369 8
213 61 16
158 377 22
73 49 -5
664 100 -6
524 131 16
550 350 28
679 726 5
560 450 25
547 691 8
431 99 7
397 68 20
550 163 4
295 132 -7
153 280 6
329 442 -6
537 688 11
473 202 14
90 684 5
450 298 8
265 401 29
314 142 3
251 231 30
366 395 0
480 364 -8
44 428 29
707 625 17
256 524 28
536 396 -6
225 57 25
28 279 -2
356 276 23
148 397 17
361 117 -7
386 194 7
340 253 -5
622 12 19
36 82 11
696 475 19
103 623 -5
154 633 -7
232 94 29
479 316 25
626 27 -2
143 516 16
465 137 14
114 635 13
335 534 1
537 286 1
557 179 8
102 655 6
598 361 17
427 1 9
490 480 26
485 69 19
198 438 3
422 585 6
369 559 25
49 163 7
464 20 9
536 136 -1
134 727 23
609 54 25
171 494 5
638 159 30
79 401 19
412 159 4
610 132 -2
460 503 27
373 579 10
145 34 8
521 233 24
103 459 7
679 307 2
668 531 3
690 686 12
349 352 18
113 620 -7
385 226 -2
76 630 27
137 89 28
281 423 29
607 129 -8
40 157 20
623 710 -10
116 162 18
464 654 25
368 519 8
139 134 11
514 585 6
578 449 25
457 13 6
370 64 3
350 236 29
635 412 3
487 510 20
35 294 1
102 393 -6
219 253 26
79 729 22
471 8 -1
513 634 29
704 531 29
359 455 -5
499 284 26
573 240 17
315 674 4
194 408 27
419 266 19
300 314 -9
510 125 -1
459 635 -5
110 696 26
103 407 7
298 636 4
156 96 6
242 517 1
20 550 29
656 559 -9
400 12 -7
489 40 26
94 360 5
429 80 11
525 671 13
475 255 11
51 181 15
344 620 12
510 633 13
605 509 28
403 252 1
660 330 -6
578 15 -8
19 391 -1
378 114 30
506 711 12
485 414 3
424 88 9
695 556 18
569 24 17
256 141 9
651 498 0
701 542 17
121 102 -7
470 252 -8
603 105 -8
52 348 6
648 358 8
489 308 2
656 410 5
667 298 23
357 165 4
547 283 -10
223 700 0
174 13 -3
61 179 8
403 528 4
441 422 23
707 222 -1
39 174 9
353 450 -8
697 333 9
422 548 17
577 529 -5
115 309 23
292 504 30
554 506 11
539 660 -5
13 294 25
369 606 -1
405 116 30
94 31 7
464 42 10
271 452 20
584 138 22
315 418 -8
701 69 -4
456 170 4
531 386 12
232 651 16
386 678 5
702 400 18
509 729 8
381 396 25
602 436 4
244 533 8
307 451 -10
387 203 16
257 228 5
695 433 11
339 134 23
145 603 6
706 379 11
118 357 23
331 327 6
522 621 22
412 135 -9
447 83 6
510 459 9
239 686 26
486 413 20
609 26 13
368 209 19
124 537 24
131 668 3
146 95 20
92 142 13
554 420 14
590 692 30
475 336 27
337 423 -10
553 711 4
465 617 20
353 35 11
257 14 30
265 168 10
99 98 16
509 158 -2
682 583 -8
322 530 17
432 677 24
287 249 -2
518 37 -4
42 526 28
489 715 -8
183 367 1
10 639 5
48 612 3
430 662 2
320 470 9
5 38 -7
246 192 3
711 288 17
420 711 14
408 427 21
316 12 -8
104 538 19
634 244 -6
219 646 -3
247 546 26
223 491 7
567 214 21
4 59 -9
426 496 4
670 278 29
602 262 21
49 346 -10
620 342 23
258 264 10
490 242 -6
553 421 -1
670 302 -1
198 340 1
14 290 -3
713 675 30
573 699 -6
465 241 6
478 341 21
473 487 -8
173 80 14
356 676 14
491 206 14
475 403 28
529 237 29
672 356 11
500 524 22
201 340 -4
165 169 -7
292 627 20
234 320 18
309 356 0
406 588 25
595 287 24
340 726 5
569 190 8
619 718 -5
177 140 1
379 276 21
278 446 15
69 124 23
562 481 14
452 462 9
293 563 24
54 229 5
563 513 25
112 284 26
434 73 27
96 49 19
233 12 2
540 347 -1
172 434 13
389 137 3
480 639 11
613 525 16
18 130 2
433 303 -5
418 408 11
694 263 0
44 285 -9
459 26 20
174 445 -10
121 531 7
302 687 1
124 350 -10
513 459 -1
357 655 12
595 661 10
105 690 -7
322 129 14
669 38 25
226 543 -6
215 586 3
125 578 8
601 303 15
8 555 17
179 532 22
189 512 11
369 95 -3
396 33 -8
504 606 18
111 600 24
322 528 -5
559 460 -6
125 231 4
358 476 9
132 307 -4
213 358 22
537 282 8
140 269 8
242 632 16
347 205 5
263 473 29
478 135 23
302 231 -4
197 537 2
442 10 -4
118 456 30
447 644 24
542 717 13
305 273 28
487 470 -2
606 188 26
668 245 -10
579 512 21
421 112 -7
713 682 -9
263 149 10
429 46 17
551 312 -10
307 595 27
286 186 8
437 534 28
588 464 26
124 419 -7
293 650 13
161 601 -1
462 464 29
454 42 20
606 410 12
543 704 28
523 647 1
280 371 6
496 143 25
394 145 12
637 279 22
387 368 10
714 542 29
131 655 5
201 2 17
37 631 -3
376 132 9
86 625 27
682 652 17
282 245 -3
567 583 12
436 115 2
678 689 6
713 11 28
107 226 22
248 385 22
135 226 -3
698 131 21
383 204 9
45 710 -1
202 657 -6
692 131 16
499 278 -1
157 221 -7
612 53 2
331 462 23
180 575 1
423 194 28
576 515 10
414 150 13
454 498 3
51 605 -10
297 90 17
232 60 15
431 109 30
685 645 8
663 427 6
133 450 3
720 297 -6
638 196 4
497 692 -2
593 132 15
139 456 29
625 45 12
329 646 3
45 236 21
313 674 13
378 157 23
591 145 15
657 456 26
52 122 5
210 217 7
80 632 12
517 144 6
282 708 23
109 494 3
279 429 15
442 491 -3
161 90 -4
493 574 21
390 70 -9
377 537 -7
650 359 -3
210 483 2
681 330 11
222 287 21
177 1 19
118 30 28
729 192 19
290 596 25
691 417 21
73 592 0
17 590 8
40 201 -6
234 28 26
260 79 16
93 355 4
202 271 24
360 69 -10
382 62 -5
99 711 16
615 387 28
36 673 3
510 425 -2
527 280 4
185 464 11
631 142 9
430 178 -3
631 160 -5
76 306 21
147 566 25
310 412 17
84 297 12
516 163 3
492 309 26
206 324 21
180 674 24
393 157 10
141 536 -10
234 525 7
173 650 10
63 656 -6
447 405 3
95 670 9
609 218 -7
570 123 -1
559 672 -2
497 459 6
184 276 -1
280 73 20
181 643 5
651 488 8
503 489 -6
215 117 10
639 141 13
76 343 8
10 315 13
259 331 4
289 341 4
363 187 7
321 36 4
101 295 0
525 539 4
714 205 0
428 262 -9
571 582 -4
186 430 23
626 698 6
146 445 -8
281 327 4
8 424 1
631 60 28
678 387 18
563 550 5
195 544 -6
273 220 -5
329 9 -1
210 24 -7
558 656 2
603 668 -2
279 169 19
257 174 16
381 589 24
444 79 1
338 3 7
635 407 25
261 282 5
524 527 -3
234 439 28
656 445 -1
334 711 27
686 380 12
209 243 10
166 527 27
393 709 15
326 259 9
425 564 24
272 633 3
83 219 -4
49 27 7
273 455 1
142 560 27
289 673 10
689 729 -5
170 274 30
30 383 -5
63 640 5
175 76 -10
359 353 7
716 500 7
120 575 7
660 668 13
495 197 2
35 214 26
15 67 -1
533 188 25
602 135 3
394 603 -3
123 151 -9
715 128 -7
529 513 9
583 406 -3
532 528 -5
427 150 -8
460 688 -7
325 567 28
67 268 29
459 192 10
354 418 -8
655 137 19
212 562 30
501 633 12
62 674 1
514 404 12
172 94 26
441 20 29
135 196 3
512 605 15
124 634 7
667 355 25
429 28 19
523 582 -1
605 702 0
262 602 4
120 648 -3
486 216 4
484 490 19
576 84 25
336 85 6
173 594 6
179 37 4
595 537 8
503 401 16
76 22 6
587 272 -10
68 564 -1
37 278 26
660 130 0
232 602 14
285 723 2
597 407 19
347 562 23
652 371 5
179 11 2
723 614 -9
724 694 -8
662 87 28
208 227 14
543 1 12
121 548 18
103 33 4
458 479 20
650 219 6
213 462 23
212 49 12
526 122 9
297 631 9
444 303 6
231 207 24
591 587 30
342 697 -3
63 71 16
614 327 18
104 718 -4
522 7 28
577 413 30
257 467 23
538 22 21
372 398 8
655 96 -5
531 395 -10
62 63 -5
135 576 21
81 685 5
682 92 15
550 6 30
145 579 17
588 699 5
342 664 2
587 297 12
123 513 13
116 290 -5
340 139 26
608 719 20
618 393 15
440 200 0
419 672 19
119 379 12
396 459 19
468 171 -8
531 696 29
665 159 -3
449 552 21
634 720 -1
106 480 27
719 701 13
607 175 -3
234 416 7
68 372 -10
17 396 -3
46 433 18
420 354 15
257 500 12
585 323 4
332 70 21
479 697 -10
370 62 0
170 373 -10
493 526 15
158 383 11
713 501 22
478 264 20
554 137 7
319 69 17
714 694 6
667 416 30
54 608 24
634 354 24
97 631 -5
133 34 2
212 535 6
239 537 -1
212 646 1
419 409 18
645 707 19
309 408 29
197 292 12
54 374 11
8 475 15
614 666 24
729 670 20
478 188 19
17 315 27
449 147 24
329 581 -5
555 453 30
222 25 -1
665 530 19
21 534 28
649 578 18
307 181 -4
152 577 -7
685 712 24
458 124 9
121 601 -2
611 46 0
599 621 25
262 174 -5
514 178 -6
411 211 -4
527 30 26
627 286 7
231 210 -5
390 500 27
322 497 5
534 358 9
254 119 5
416 386 28
692 362 8
28 50 24
65 656 0
701 116 0
630 629 11
677 713 27
259 26 19
461 588 17
449 468 25
722 411 4
23 625 24
424 691 27
143 561 -9
641 373 -3
703 408 6
43 330 0
491 17 24
210 486 19
451 248 -5
556 652 5
516 59 27
345 472 27
367 403 2
178 619 21
663 511 26
214 405 8
292 503 -8
190 486 8
633 682 18
340 728 28
677 264 8
728 79 21
427 230 17
196 119 14
662 377 26
524 629 12
429 473 8
582 248 2
640 561 20
231 293 0
40 488 -5
245 458 28
408 94 -7
16 38 26
271 503 17
81 408 17
126 352 -10
455 166 -7
489 567 -3
237 621 -8
65 272 0
388 260 1
482 653 18
201 40 25
17 653 17
568 539 13
599 275 7
712 230 0
433 721 16
662 415 23
634 489 17
544 474 -3
616 100 16
424 177 21
682 410 25
573 169 1
695 327 3
409 707 12
202 447 26
34 138 28
436 145 -6
491 384 7
619 612 5
59 326 15
524 480 26
560 569 -1
289 7 -9
597 261 19
321 685 17
213 243 -4
411 205 -7
215 93 3
615 542 25
175 278 29
90 353 10
172 205 21
355 528 20
199 309 21
448 586 10
95 480 25
68 3 -9
290 206 27
579 243 -1
105 566 9
205 376 -8
155 556 29
316 427 28
653 261 -9
275 452 30
232 727 -9
690 624 -2
156 103 2
332 145 30
637 679 18
94 113 -1
450 344 9
162 165 19
725 478 0
707 258 21
609 92 -4
209 42 29
657 721 29
354 273 6
140 470 -6
294 401 3
49 627 27
354 519 -1
281 519 -2
500 470 28
384 358 21
692 533 -3
477 474 29
30 640 11
658 313 26
608 234 0
40 586 1
385 213 25
557 152 8
193 142 27
465 37 18
68 571 14
8 384 -1
613 57 4
259 701 -4
184 587 5
253 214 -9
96 269 7
53 97 14
140 155 30
718 69 15
681 728 11
139 658 -8
138 537 2
34 161 6
57 336 21
95 579 16
304 724 25
186 648 22
654 415 -2
23 362 17
337 350 -2
107 507 -9
635 177 5
312 140 11
112 679 5
328 636 -8
85 679 -9
26 55 20
588 717 -3
6 150 13
138 351 11
573 547 11
386 393 -4
402 68 20
561 726 20
379 337 18
622 647 23
207 171 8
36 717 17
245 135 3
695 15 11
146 534 25
197 575 -7
382 332 14
327 444 17
354 137 10
376 655 -3
289 49 10
251 295 -5
673 477 9
237 98 11
105 73 -6
304 365 -3
724 350 -4
406 400 25
676 698 -10
175 360 23
33 682 12
627 30 16
457 80 1
245 516 29
411 643 14
382 135 7
41 621 12
669 116 2
466 585 25
398 277 26
93 501 -9
136 334 4
587 130 11
509 423 1
706 498 -6
554 510 29
409 8 -10
660 126 -10
491 448 5
551 48 -3
12 285 18
437 527 15
649 372 7
97 240 6
474 66 -1
31 528 26
528 710 0
117 400 23
167 612 -7
21 120 26
81 152 15
3 674 6
335 479 -8
239 307 11
705 617 25
247 494 28
418 342 16
387 325 -5
597 303 -3
241 294 -6
441 303 17
421 95 21
665 639 16
401 227 7
57 698 30
355 123 23
512 480 30
222 50 -9
140 172 6
577 682 8
215 644 9
324 682 18
657 46 -6
94 154 -1
252 453 5
262 162 24
422 614 19
11 568 28
6 259 1
505 361 15
126 365 -1
454 640 20
166 669 15
484 391 21
309 230 7
161 443 26
110 161 19
692 27 25
530 601 7
82 200 20
68 40 15
19 698 15
523 455 13
567 26 18
420 376 3
456 472 24
