11 71 -6
5 24 16
79 57 25
80 50 1
8 3 12
12 13 0
42 58 -9
49 30 20
42 59 5
38 45 -2
56 65 3
27 29 10
52 24 19
11 76 26
4 1 18
7 31 9
8 54 0
24 56 6
51 5 3
7 49 29
12 49 16
41 55 26
57 74 18
75 23 8
15 16 30
47 11 9
41 16 -3
68 55 19
23 51 21
30 67 -6
67 8 -9
72 70 16
31 70 21
51 21 20
16 59 3
13 2 12
12 74 -9
24 18 -2
55 21 22
38 79 9
49 20 12
60 45 -1
28 20 4
65 45 0
23 70 12
6 52 -3
10 81 -7
24 52 -6
4 8 3
15 68 22
73 66 20
31 57 13
66 51 24
45 71 10
64 46 4
6 43 6
42 28 12
14 65 -9
38 81 13
23 32 -6
9 57 -6
26 8 14
51 70 28
41 81 20
33 79 -2
39 79 2
16 66 -8
68 2 4
22 18 17
18 1 15
46 26 4
53 41 -2
50 33 2
24 2 29
5 64 -4
28 64 6
19 64 23
31 32 18
14 58 20
59 23 30
52 58 7
64 49 20
41 53 -7
38 25 18
75 43 8
36 67 0
74 14 15
58 71 28
70 3 10
16 14 20
75 50 -1
73 23 25
20 13 7
72 6 -4
29 50 16
22 1 23
58 79 27
79 72 25
76 11 26
6 39 -10
4 55 -5
19 65 15
51 27 -9
16 24 29
79 64 21
77 31 10
21 28 15
65 47 5
13 76 20
8 45 13
36 47 7
79 73 21
25 15 0
6 12 21
70 16 13
41 72 30
78 39 26
59 67 2
55 37 23
42 34 16
27 24 16
26 51 6
55 80 2
62 21 0
69 2 23
49 40 23
30 35 3
17 15 11
61 47 14
60 35 5
79 81 18
34 59 -5
57 23 9
20 53 29
80 30 15
67 62 -10
25 72 12
4 78 28
34 13 2
52 18 14
39 25 23
75 20 4
42 4 1
49 36 23
4 31 15
52 16 -6
49 69 12
74 29 0
62 65 10
71 73 19
38 4 28
9 56 15
45 70 24
32 34 26
19 51 1
52 59 26
18 28 12
50 35 14
7 81 -6
62 28 0
58 51 -9
34 67 -1
1 47 2
59 57 -9
11 64 30
55 64 22
38 1 21
52 6 8
42 29 -8
37 47 7
5 51 20
41 25 18
60 15 22
17 10 -5
45 25 2
32 48 12
71 77 24
80 36 18
9 49 -5
33 27 1
59 17 11
56 45 -10
