8 52 4
9 50 -4
11 36 1
16 52 18
12 23 7
6 2 8
41 75 14
49 39 24
62 7 4
26 49 12
29 50 24
52 48 8
60 70 -9
46 39 19
4 40 7
51 71 24
74 61 15
7 68 -10
65 72 11
10 76 27
42 56 29
41 8 4
34 54 -5
77 53 24
72 21 14
15 67 21
49 75 6
29 39 23
3 7 22
19 79 -8
5 81 24
39 24 13
63 32 -10
69 42 26
55 25 28
32 2 24
69 33 13
44 78 16
72 41 9
4 36 10
24 55 17
42 68 5
64 78 -6
34 55 25
53 52 12
18 47 30
23 29 18
23 54 26
66 77 -4
73 54 -4
17 78 18
58 6 3
48 81 -1
11 73 17
72 16 26
24 25 18
71 20 -5
26 28 -8
12 66 19
66 67 22
16 62 -9
75 38 24
43 57 16
5 24 3
28 47 4
29 26 8
2 81 17
35 52 2
48 41 19
33 59 26
81 75 -9
81 15 16
30 8 -4
5 78 21
57 30 29
32 74 -7
30 52 20
44 9 25
80 57 -1
66 74 3
49 22 -3
23 22 10
61 78 27
26 6 28
5 57 -9
25 51 -1
61 68 29
52 55 -4
67 58 -6
4 34 25
40 54 -5
20 46 -7
16 5 18
66 6 2
73 71 16
10 65 12
48 33 -4
31 4 10
42 37 -10
39 73 1
33 50 3
61 44 17
27 15 21
79 70 20
19 42 13
23 62 28
47 24 4
42 70 -2
59 73 25
14 29 22
19 14 12
64 9 -8
29 27 -6
19 41 10
20 3 18
8 7 -4
33 36 8
27 78 3
20 61 -5
1 64 18
47 31 6
80 43 23
43 8 16
14 79 24
71 31 -9
29 76 3
46 75 24
58 19 3
32 63 24
47 72 -3
13 38 -7
53 51 23
80 58 24
72 11 7
5 29 16
11 31 8
58 68 14
78 46 18
40 15 12
35 72 29
59 71 2
6 39 -4
19 24 17
10 6 0
68 17 -4
60 54 0
16 11 -5
79 75 17
2 48 9
1 36 11
56 58 -7
6 70 0
3 25 23
46 34 25
18 64 23
75 41 6
34 57 10
49 80 18
18 10 6
77 46 -2
55 26 9
71 47 -3
3 47 9
57 14 15
8 23 -7
15 16 -9
35 80 -6
18 71 -10
36 34 12
80 79 3
9 15 17
6 12 25
9 76 21
47 40 29
71 63 10
1 52 8
79 24 12
58 31 3
50 28 19
17 25 30
11 21 15
52 1 12
25 1 28
65 48 13
13 31 3
49 12 17
30 28 23
72 9 4
31 45 11
51 42 6
81 4 10
20 12 -8
44 31 -9
53 56 -5
12 47 15
8 24 7
64 54 -8
48 37 -9
16 29 -9
44 59 7
78 53 -2
22 42 8
13 50 30
74 64 22
43 36 -1
20 5 25
50 4 2
36 3 20
26 22 -5
68 20 -1
54 14 25
37 45 1
64 45 -6
50 15 22
62 79 5
44 11 3
2 17 24
60 41 11
57 18 -3
47 71 18
34 58 15
