197 181 3
157 197 30
77 55 18
8 156 -1
44 243 -8
225 201 19
208 239 -5
58 95 11
70 217 22
180 97 -5
102 24 -5
56 78 13
32 220 15
184 214 18
70 72 9
51 148 -2
181 104 10
180 196 -10
18 124 25
230 176 16
44 231 27
92 219 4
196 22 -4
132 59 -3
13 241 6
195 188 18
27 138 14
106 129 15
5 202 8
204 126 24
26 18 13
132 63 30
39 44 14
16 139 4
218 145 -7
65 204 -10
75 234 25
19 235 18
234 192 -8
113 148 3
235 33 4
68 111 -2
17 30 16
152 47 14
21 144 16
109 189 13
213 240 16
142 120 26
44 62 4
17 167 9
73 202 5
158 94 -7
148 43 -3
128 233 26
66 218 2
17 224 3
16 175 -5
213 53 -9
66 192 -2
89 171 13
30 128 15
49 211 25
45 138 18
29 42 6
12 153 25
166 46 0
209 154 3
239 85 7
98 155 12
33 61 16
41 168 28
16 112 23
154 42 -5
159 154 9
69 238 -7
170 116 30
135 47 -6
84 163 28
243 32 25
28 81 20
194 213 -5
56 60 12
203 141 13
176 57 -1
77 178 21
70 166 27
228 212 15
187 85 -6
229 201 7
77 42 18
122 129 -6
189 87 9
180 176 28
80 185 10
59 98 2
49 60 28
236 88 0
129 156 28
190 217 -1
36 217 -7
209 168 -2
65 75 5
143 199 23
197 26 3
152 188 2
49 155 0
226 105 17
39 121 22
105 230 14
203 61 -4
68 233 21
67 218 2
144 42 -4
88 193 -8
172 241 21
86 11 28
15 86 5
218 148 25
78 239 3
12 182 5
46 95 -3
178 222 21
115 118 20
128 237 5
168 94 2
106 14 3
71 46 4
6 193 -8
16 49 -5
43 116 22
23 144 16
219 20 -4
148 150 -3
11 163 -8
68 144 2
123 236 17
42 179 -5
132 207 21
66 169 26
144 179 17
193 102 20
183 189 5
5 14 21
6 216 -10
170 124 1
52 65 25
84 37 7
225 229 15
242 42 13
232 157 -7
146 239 -7
64 170 11
65 25 -6
169 56 2
195 118 11
68 186 3
180 111 14
71 75 17
172 12 -9
179 234 8
111 192 9
15 113 -6
47 136 11
68 11 8
1 175 20
183 111 7
128 46 14
207 100 13
174 48 6
137 6 22
216 84 15
15 129 3
174 240 -4
42 236 24
235 66 19
94 204 19
224 171 23
145 222 10
89 132 -7
31 137 4
194 25 11
135 35 7
76 182 -8
205 195 10
201 7 13
228 178 13
114 163 10
72 28 -2
26 145 -1
227 89 17
179 155 14
66 153 -2
90 154 -9
133 126 21
51 28 0
102 176 13
19 185 7
159 104 18
225 139 30
91 12 28
104 175 -6
155 115 30
48 83 25
229 27 -9
115 93 -4
111 59 7
118 55 15
242 129 3
25 9 21
50 57 10
113 61 23
117 56 25
70 135 -7
204 82 14
48 239 28
139 73 13
147 25 3
25 56 26
174 128 -10
129 65 20
162 87 7
243 232 11
69 240 -8
191 20 -6
83 45 8
45 220 19
168 28 7
77 120 10
81 104 13
184 186 14
230 6 8
184 19 17
99 161 0
119 189 25
92 127 12
142 143 18
115 129 5
87 57 15
228 177 -9
28 36 4
24 36 13
178 63 13
167 26 -9
185 173 17
98 196 9
231 228 -5
96 50 -9
214 144 11
19 4 -5
125 223 2
232 86 -5
228 88 -9
103 20 20
10 96 20
82 129 29
180 104 -8
135 12 -9
205 139 19
59 11 2
193 44 -6
122 229 2
139 219 9
164 178 22
22 185 30
16 163 7
212 149 -7
116 155 14
148 5 8
43 239 -6
101 156 16
235 58 27
55 155 -4
145 7 8
158 237 9
184 54 22
171 121 18
31 35 5
73 188 29
202 241 -9
19 238 25
38 160 19
241 23 -6
37 49 17
197 77 4
138 56 23
77 235 20
209 59 16
66 164 28
97 172 25
132 49 27
146 103 6
100 216 13
156 143 26
22 99 -10
138 174 3
156 100 -6
212 17 11
153 199 11
87 24 -4
186 40 30
130 226 2
189 183 28
145 58 16
188 224 29
225 179 -5
113 56 1
24 44 -1
187 3 15
84 124 17
190 120 23
82 192 16
151 19 10
9 44 0
172 8 -2
137 198 -4
158 133 18
66 24 -8
177 109 18
52 147 12
68 236 -9
72 140 -4
22 9 -6
99 58 24
88 165 17
159 63 -4
229 118 28
66 202 -3
177 119 19
240 120 0
197 216 3
209 6 3
18 157 24
228 161 30
217 121 0
237 74 5
27 214 -9
136 224 -4
22 7 10
222 147 -3
90 112 12
158 230 -4
232 178 -10
36 76 4
209 12 13
191 91 -7
102 124 3
58 142 3
132 186 14
168 69 -9
166 198 1
55 240 17
49 29 16
2 157 -4
127 43 -3
239 97 1
143 67 15
95 93 5
44 142 14
116 163 2
174 235 13
183 234 -5
217 170 -5
130 146 -9
140 158 15
151 3 19
161 88 20
25 133 19
218 65 23
205 56 13
49 166 -1
124 70 16
101 222 13
7 162 23
214 117 22
214 202 11
190 125 -9
10 137 2
142 181 -8
198 93 2
149 209 19
184 107 18
19 99 21
86 36 16
196 83 4
164 93 13
142 12 14
172 209 7
112 18 -9
230 200 30
157 109 21
238 215 23
33 54 24
115 63 -10
145 232 21
101 3 11
1 63 3
163 158 -10
92 217 12
180 223 23
16 63 -6
203 191 6
106 17 29
163 173 -7
110 184 28
28 212 -7
204 130 -4
125 192 27
160 215 7
106 201 6
62 194 -4
198 194 20
71 230 15
132 105 21
108 144 -2
24 14 -10
41 21 9
181 82 -5
20 81 23
146 104 16
69 191 -4
83 12 25
11 89 6
132 45 -7
126 110 18
44 23 -8
46 201 17
77 161 30
155 89 26
239 119 -8
205 108 -6
134 189 5
206 182 21
74 183 -10
220 209 11
107 234 5
163 4 -8
56 225 26
196 225 10
13 163 17
41 57 16
194 238 -9
83 135 24
185 109 19
67 25 -6
181 170 -9
207 32 -1
6 182 -2
162 26 -9
24 184 -2
8 72 7
20 93 19
61 235 -3
155 2 19
120 132 19
98 1 5
220 128 24
66 123 16
209 94 2
181 107 1
11 210 10
200 54 30
123 164 15
101 40 14
197 53 11
157 148 14
15 208 15
212 45 30
179 46 -1
223 88 2
76 8 25
88 198 27
142 14 13
85 155 25
119 238 15
18 3 9
72 196 20
30 11 -2
123 142 13
41 59 11
238 242 30
27 116 24
116 169 22
214 184 4
105 130 10
71 40 14
229 153 -6
198 114 13
145 184 12
117 120 20
163 181 5
23 183 7
103 64 14
115 22 -1
102 92 14
202 129 19
17 220 -3
82 113 -1
112 156 27
121 198 17
196 176 1
1 54 14
17 14 29
35 93 0
95 74 20
150 166 17
127 96 -2
127 116 6
138 204 15
203 153 -10
204 166 5
146 198 16
34 189 -2
146 90 12
118 136 8
87 138 9
94 120 10
207 242 14
124 226 30
184 50 5
164 56 21
22 143 21
186 239 21
138 67 14
36 237 -10
119 232 5
243 81 20
235 143 30
40 223 20
178 194 -4
58 89 -4
217 46 25
160 91 25
84 15 23
52 241 0
6 138 1
116 199 27
47 85 25
186 128 25
194 206 -3
104 82 29
149 60 0
238 40 -7
110 159 26
198 142 28
75 123 12
57 71 7
65 188 18
77 20 16
194 59 20
44 138 15
9 243 16
141 139 17
225 184 1
80 1 22
163 42 -7
34 6 9
20 80 3
152 191 6
139 191 23
1 20 2
28 41 7
27 144 1
82 23 25
82 42 24
39 74 30
107 82 -1
160 231 14
106 151 19
184 223 25
205 57 19
20 190 20
220 178 23
20 108 21
232 177 23
189 238 -5
9 22 -6
97 124 2
51 75 10
48 207 -9
75 84 8
233 128 29
183 33 18
76 45 30
17 208 24
235 101 30
65 201 6
119 107 0
58 239 8
181 240 -6
101 37 4
232 64 9
149 42 14
18 116 29
155 171 0
159 107 11
197 127 9
28 213 14
110 71 24
99 3 -5
214 29 16
31 27 17
42 82 20
55 40 -6
113 160 18
6 145 28
84 4 23
155 227 7
29 25 17
222 90 21
189 226 0
182 187 9
42 173 -9
138 75 15
116 219 -2
124 195 -7
6 94 4
33 107 22
41 203 -6
140 165 15
219 53 -9
28 43 4
215 224 -6
35 217 -9
31 225 -6
130 17 5
193 121 4
151 231 18
97 133 25
205 133 16
212 183 -10
94 19 30
6 232 -1
149 193 30
31 175 3
179 218 1
21 227 0
172 40 1
84 167 25
237 141 24
90 122 -4
126 184 27
68 156 21
45 162 6
155 132 -9
129 206 18
106 236 1
114 123 -10
197 19 8
184 117 -6
37 121 -10
232 162 -1
187 242 9
120 108 13
207 229 -8
63 96 3
40 53 8
219 187 14
177 112 25
148 18 10
209 70 23
2 237 18
70 156 14
27 19 8
142 187 -10
143 45 -3
213 211 24
142 127 9
48 75 17
96 197 -3
229 148 12
173 27 21
78 176 8
17 209 18
175 169 28
170 118 21
137 173 14
81 101 28
119 118 24
9 10 1
85 41 15
53 124 25
147 87 4
156 33 -3
38 157 24
178 9 26
172 107 24
234 31 5
193 205 0
45 87 16
124 161 6
161 153 12
181 131 12
21 16 14
112 47 17
13 9 -1
169 138 -3
100 87 4
175 50 15
129 153 17
27 219 29
196 37 -10
9 198 -4
194 240 7
134 217 12
125 212 -4
31 189 14
53 48 19
209 83 -3
208 58 -1
147 8 3
70 194 27
233 95 19
74 126 -7
236 200 -10
229 154 16
135 17 17
164 243 14
127 97 4
6 134 3
131 112 25
217 114 5
103 38 26
105 115 16
89 136 1
26 95 16
227 14 8
55 65 20
206 52 10
54 9 20
203 33 11
147 17 10
222 100 -10
96 69 8
23 201 20
177 5 25
137 15 -9
105 129 12
110 61 30
29 26 -10
159 130 1
163 84 6
220 43 7
11 124 29
208 106 9
181 103 1
173 36 4
225 203 -10
79 202 18
168 100 19
206 170 20
15 27 -6
39 224 9
67 20 1
101 152 15
134 58 -9
67 197 -10
60 219 10
107 181 12
194 12 13
134 208 30
168 126 5
195 215 4
200 118 23
239 9 -2
166 201 17
147 105 19
182 108 -1
234 32 28
4 60 5
144 41 12
215 31 0
90 239 -4
132 1 3
30 188 8
131 133 21
73 127 15
29 211 -10
86 119 11
149 26 -1
32 193 9
204 14 12
241 231 9
71 102 -10
5 230 -3
235 28 -3
138 33 21
221 166 8
168 80 -4
219 110 -5
214 229 5
63 28 29
51 93 8
61 182 0
60 222 -1
158 47 -4
165 140 -2
188 79 23
60 32 7
16 104 28
84 7 -3
119 102 10
119 227 -8
82 242 0
67 139 7
125 135 2
83 142 13
16 84 23
243 33 -1
121 87 25
173 106 -5
201 212 27
108 216 0
74 102 9
96 21 0
13 198 2
236 207 23
26 141 -4
131 122 24
216 130 4
206 23 24
37 177 20
12 241 16
128 90 5
55 59 20
154 240 -9
1 89 -2
26 63 16
216 72 23
50 123 -8
