174 116 -5
46 108 1
54 30 -1
97 107 -10
190 122 25
57 166 21
147 33 4
8 212 16
31 132 10
187 191 17
85 145 10
161 230 -7
200 148 23
96 172 22
157 238 20
227 238 7
167 221 23
235 155 -2
87 133 8
15 128 2
224 29 16
129 87 10
175 94 -2
69 107 0
178 127 5
114 45 22
186 95 30
53 149 2
230 25 28
194 12 12
189 204 30
232 140 3
16 192 17
149 133 -3
19 107 -3
27 224 26
112 204 21
230 192 -6
220 109 12
76 161 29
122 229 -9
148 229 20
218 232 30
226 175 -10
3 81 22
179 224 -9
173 81 12
228 129 11
95 73 2
176 69 26
12 140 3
195 83 -2
16 108 23
185 10 25
84 213 29
50 151 30
47 222 1
82 46 20
241 56 -9
228 97 6
141 112 7
212 70 22
228 15 -8
211 3 6
162 27 11
118 66 -8
239 140 30
198 204 15
63 165 -4
114 128 -1
107 194 -1
38 50 0
235 89 27
108 42 13
180 168 16
51 76 0
2 243 12
113 241 12
59 134 3
201 197 23
54 164 14
42 107 12
25 143 4
80 7 25
221 90 20
58 135 9
120 131 16
57 35 -8
187 238 22
56 175 12
154 22 14
112 157 3
197 80 30
7 180 20
73 44 -3
54 55 24
163 226 23
226 38 27
231 92 19
209 136 16
15 67 19
90 30 -10
139 231 -5
44 147 19
32 14 28
144 165 19
13 156 14
151 21 3
34 103 -2
73 146 2
86 243 24
71 84 20
175 112 6
192 92 21
203 94 29
204 88 9
84 182 19
201 11 14
238 210 19
227 108 5
58 177 18
154 203 20
225 235 16
179 194 30
188 157 12
198 103 6
37 200 3
25 240 27
170 190 15
164 103 7
6 49 10
173 43 11
16 180 23
108 223 15
44 158 9
21 34 29
230 156 18
203 107 9
237 107 0
187 106 25
42 164 4
131 197 27
57 223 8
146 190 26
79 169 15
151 92 28
91 134 29
139 241 -9
60 151 -8
13 114 15
79 19 25
96 67 14
2 109 21
35 29 28
120 18 9
143 200 24
43 14 -9
21 41 0
146 240 8
172 70 1
194 151 14
170 17 12
111 122 22
163 184 11
9 130 13
10 232 -3
148 141 29
69 121 9
236 163 27
111 34 20
214 211 12
217 206 9
202 37 28
114 189 5
152 65 12
55 5 16
107 143 16
138 139 12
26 42 -6
133 95 -5
132 87 21
205 168 27
234 93 10
84 130 23
208 224 19
83 21 11
179 77 22
126 143 -4
118 173 -1
18 1 0
145 26 8
209 56 7
124 56 13
238 137 30
231 211 -1
168 27 23
159 122 11
136 76 -2
114 61 -4
46 185 25
101 143 17
105 70 24
51 16 11
55 50 11
24 67 -7
136 132 20
200 94 25
207 64 -8
78 131 -7
25 151 2
113 137 22
116 37 14
133 114 7
140 203 30
9 2 12
108 88 17
152 197 1
199 50 7
220 11 -1
174 203 17
66 39 20
106 103 11
125 105 23
198 136 4
203 39 9
44 169 -8
39 214 25
104 15 8
141 100 -9
32 104 -3
227 3 8
35 25 -4
222 28 18
58 99 17
208 188 21
51 226 9
5 43 3
169 39 29
205 143 19
92 137 -4
140 55 5
144 26 15
35 92 3
111 207 25
159 163 24
15 222 -6
69 63 30
3 51 19
27 74 -7
218 65 1
124 103 18
238 87 -6
78 184 19
13 23 14
236 45 16
44 238 19
186 159 -2
162 121 7
21 65 17
118 160 23
38 110 21
212 179 29
88 227 26
19 183 5
66 169 1
117 225 11
71 89 30
164 64 15
26 56 11
45 9 -6
115 83 26
138 192 -7
139 126 7
83 163 20
62 85 -4
177 94 25
143 223 16
7 193 0
191 54 30
58 190 9
3 108 22
154 142 -10
233 10 9
115 167 -7
102 46 19
82 106 -5
115 131 -3
185 131 -8
185 198 -5
72 207 0
25 75 16
177 35 5
223 204 17
183 1 -10
163 102 19
147 174 4
15 238 -8
228 8 5
229 66 23
159 56 15
31 203 16
165 153 -9
121 168 30
67 60 27
39 98 29
25 164 9
167 101 3
82 132 23
239 231 16
17 77 -9
153 44 13
140 170 -2
27 102 -2
16 48 0
106 55 -6
10 87 2
236 240 2
119 187 11
10 17 -5
83 42 17
239 196 17
144 186 24
79 83 20
228 89 20
237 20 25
119 216 20
165 182 6
61 242 -3
91 214 28
68 25 -6
214 73 24
226 113 29
15 227 0
50 34 26
137 149 3
205 207 -9
62 160 0
142 5 8
127 230 9
23 40 -8
36 65 11
90 209 -3
86 213 24
30 186 20
115 132 -8
232 60 13
131 20 3
201 37 -10
50 130 13
102 71 22
191 205 11
19 131 25
62 98 -10
76 143 12
163 204 15
138 130 16
72 153 1
192 79 21
150 112 25
189 21 6
150 161 21
91 39 30
221 52 8
82 129 0
220 242 25
183 35 9
80 192 27
31 129 -8
18 129 -9
22 157 21
206 72 27
143 93 29
162 133 -5
150 26 15
178 75 26
87 167 12
63 171 1
204 98 29
225 68 29
62 235 25
33 116 14
29 5 11
191 162 20
136 203 6
91 47 -7
220 106 16
21 47 6
203 133 8
185 7 -6
156 152 1
70 108 -2
168 79 7
36 236 -4
234 108 5
80 20 17
160 33 4
7 87 9
40 37 5
30 198 22
118 221 10
224 154 9
161 21 26
61 128 -1
217 53 27
72 170 8
49 155 19
202 36 3
187 176 -9
224 187 4
190 66 1
138 82 3
68 196 16
189 74 10
48 182 -1
108 151 23
231 78 23
47 81 2
206 204 23
136 156 17
73 152 29
74 239 12
156 172 23
90 64 -1
150 7 19
181 75 17
154 73 -9
159 39 -1
78 130 -8
238 50 19
43 4 -7
116 170 15
98 208 29
95 203 10
98 88 2
187 26 -1
193 84 15
206 7 -10
57 233 -3
85 106 24
197 205 18
163 187 -3
143 243 6
6 99 20
152 174 16
80 191 15
104 158 14
164 23 9
114 50 -5
93 55 -4
132 188 27
88 241 13
95 236 13
228 111 16
71 69 23
58 139 30
196 218 -1
58 228 -2
201 73 30
196 213 22
84 146 16
14 173 4
140 111 4
172 226 9
59 24 30
34 114 30
157 5 2
183 110 5
236 171 28
153 83 10
1 206 21
51 87 20
42 140 20
171 215 9
176 162 10
34 13 24
21 227 10
197 100 -6
73 29 5
196 83 13
55 10 15
95 31 30
22 29 22
175 220 20
124 162 8
238 89 30
234 36 -7
51 39 5
151 73 29
55 4 10
104 230 29
15 185 2
205 52 25
31 178 12
49 66 29
185 33 21
182 45 30
12 111 20
111 183 21
196 67 7
55 242 -3
163 74 5
116 206 0
96 119 -5
60 108 -2
242 205 10
11 45 1
215 105 10
115 125 3
216 156 7
212 30 18
124 241 14
43 189 8
54 224 2
223 26 12
63 100 16
27 180 -8
70 130 -9
12 167 -1
48 194 -3
227 27 -2
132 92 27
176 43 22
48 60 25
153 149 1
161 100 17
210 47 25
215 242 15
37 217 -6
120 174 24
56 43 24
203 199 5
108 170 -9
93 191 8
238 145 -3
186 193 -3
199 132 30
53 69 27
234 177 18
140 230 1
10 7 21
99 10 20
242 194 26
24 241 -1
146 230 23
62 96 3
36 240 5
187 59 21
234 164 0
127 56 6
27 106 25
54 153 26
144 49 9
98 109 1
150 105 29
19 2 26
136 14 16
206 1 9
139 105 12
197 38 19
79 217 6
69 160 17
1 57 10
105 44 -6
215 157 28
177 137 1
168 126 -2
111 101 5
210 179 26
214 55 19
27 55 2
133 204 13
44 189 3
9 25 -6
122 33 -5
17 218 21
20 17 19
177 17 10
42 211 28
135 240 -5
208 240 29
121 181 18
4 98 6
16 225 7
237 229 6
241 149 19
133 182 20
92 83 18
174 73 9
76 106 29
155 187 29
132 172 17
36 45 -1
163 69 29
106 180 26
184 67 -3
179 50 2
156 232 -9
88 205 12
30 201 -7
155 69 -1
199 72 -4
7 54 0
170 48 3
237 67 4
27 67 5
159 150 17
3 120 21
173 178 11
16 66 26
80 30 2
233 53 2
113 239 -10
174 156 -3
182 192 30
159 152 12
118 186 0
47 150 9
228 60 8
235 200 -6
123 127 8
125 82 26
203 30 13
164 105 4
102 183 -9
149 127 16
135 87 30
112 89 -1
172 92 22
127 92 6
158 153 27
131 179 4
105 236 -8
132 187 30
24 237 -1
56 36 14
18 196 6
129 29 -7
172 138 13
150 241 14
119 7 4
217 140 24
42 45 1
91 86 14
32 230 -1
145 195 14
232 226 16
215 104 17
187 96 -6
181 56 -4
5 228 -2
213 185 16
33 140 -7
124 170 21
13 140 10
51 129 -10
150 20 3
199 124 9
142 28 21
123 59 8
218 56 16
5 79 28
10 139 -6
82 110 -9
187 61 7
167 156 9
49 156 -8
98 83 2
196 239 -9
9 104 4
29 24 28
213 24 0
145 5 4
173 99 27
140 146 8
188 128 1
170 184 -10
54 95 11
150 51 3
165 55 13
200 52 5
114 157 18
180 213 27
158 222 23
125 197 7
202 136 7
