29
76
149
156
163
222
231
359
374
379
388
409
423
467
494
499
502
535
614
640
683
685
709
709
743
753
762
765
843
945
951
958
970
998
1022
1053
1064
1082
1179
1259
1307
1526
1634
1634
1683
1687
1701
1750
1849
1965
1999
2008
2074
2098
2140
2159
2173
2241
2244
2257
2273
2287
2326
2331
2333
2406
2476
2526
2547
2551
2561
2569
2588
2595
2779
2785
2800
2849
2859
2861
2874
2888
2902
2916
2965
2978
2982
2989
3008
3040
3067
3077
3156
3167
3185
3194
3200
3204
3212
3228
3251
3294
3306
3331
3373
3385
3444
3468
3486
3581
3633
3638
3649
3676
3714
3731
3756
3777
3781
3808
3816
3877
3897
3909
3967
3975
3985
4011
4033
4045
4069
4107
4223
4253
4279
4287
4299
4303
4340
4387
4502
4526
4619
4666
4680
4747
4770
4839
4933
4934
4974
5005
5070
5074
5074
5112
5148
5230
5311
5329
5372
5410
5427
5460
5532
5546
5552
5553
5574
5625
5643
5683
5714
5724
5747
5756
5806
5822
5860
5918
5943
5960
6005
6076
6098
6140
6180
6352
6374
6386
6400
6406
6459
6535
6560
6573
6574
6640
6647
6701
6701
6755
6758
6771
6779
6781
6794
6843
6894
6901
6941
6941
6943
6943
6967
6989
7023
7068
7089
7091
7100
7191
7226
7276
7372
7383
7397
7472
7476
7481
7503
7559
7569
7632
7688
7713
7716
7716
7826
7839
7874
7904
7907
7987
8023
8026
8044
8085
8086
8163
8208
8249
8258
8306
8405
8425
8449
8476
8495
8530
8531
8544
8557
8572
8597
8600
8629
8638
8642
8658
8660
8668
8669
8670
8727
8760
8782
8788
8802
8824
8877
8882
8915
8977
8982
8999
9073
9122
9284
9338
9360
9363
9401
9426
9442
9446
9460
9469
9520
9535
9547
9576
9577
9627
9635
9674
9674
9687
9724
9730
9753
9805
9829
9933
10040
10047
10051
10090
10091
10117
10197
10219
10220
10256
10299
10345
10347
10348
10413
10500
10536
10591
10612
10718
10767
10768
10782
10796
10852
10888
10907
11028
11135
11137
11145
11168
11213
11217
11285
11328
11338
11375
11380
11443
11471
11473
11486
11488
11496
11523
11554
11584
11629
11658
11660
11671
11741
11741
11803
11809
11829
11876
11902
11915
11948
11949
11974
12017
12024
12040
12068
12078
12089
12098
12245
12300
12305
12325
12357
12363
12382
12402
12465
12492
12545
12581
12586
12598
12610
12652
12685
12687
12693
12694
12721
12771
12772
12779
12895
12986
12989
12995
13046
13051
13129
13145
13153
13177
13203
13217
13223
13357
13371
13389
13391
13391
13399
13402
13446
13461
13474
13496
13518
13581
13584
13593
13596
13608
13650
13664
13673
13676
13680
13738
13753
13763
13764
13767
13822
13822
13877
13910
13963
13994
14008
14051
14064
14077
14132
14139
14150
14174
14200
14223
14312
14375
14411
14412
14414
14537
14603
14694
14713
14725
14750
14845
14845
14845
14888
14891
14976
15017
15096
15132
15150
15167
15203
15216
15268
15284
15295
15318
15331
15500
15538
15539
15541
15571
15579
15620
15644
15644
15692
15726
15822
15884
15900
15933
15955
15985
16033
16070
16080
16081
16091
16132
16201
16252
16284
16315
16342
16343
16349
16356
16394
16430
16460
16462
16467
16529
16584
16662
16679
16690
16727
16729
16729
16733
16761
16772
16786
16792
16899
16911
16924
16933
16937
16948
17002
17020
17058
17078
17082
17086
17144
17181
17278
17453
17473
17538
17661
17667
17670
17677
17713
17725
17727
17774
17794
17816
17816
17871
17872
17895
17944
17955
17971
17982
17985
17998
18040
18060
18080
18094
18115
18119
18127
18208
18331
18350
18391
18398
18498
18554
18683
18701
18735
18736
18745
18801
18850
18852
18870
18870
18874
18879
18929
18952
18983
19071
19104
19122
19159
19260
19270
19334
19382
19394
19395
19460
19488
19492
19499
19517
19526
19534
19539
19609
19611
19720
19724
19729
19826
19851
19853
19923
20031
20034
20053
20056
20105
20113
20117
20136
20152
20161
20168
20226
20322
20326
20377
20408
20440
20611
20653
20707
20712
20745
20766
20803
20848
20875
20919
21048
21071
21076
21143
21177
21232
21266
21291
21329
21344
21368
21374
21436
21508
21514
21574
21589
21593
21609
21610
21652
21654
21673
21764
21775
21780
21787
21796
21817
21839
21885
21930
21993
22047
22055
22131
22133
22146
22163
22182
22227
22263
22284
22295
22366
22436
22444
22509
22517
22550
22587
22588
22610
22672
22672
22683
22746
22773
22873
22908
22937
22945
22956
22969
22994
23010
23043
23178
23189
23192
23203
23242
23292
23312
23336
23348
23378
23432
23437
23440
23480
23481
23520
23578
23584
23671
23682
23749
23820
23838
23862
23892
23943
23947
23965
24043
24058
24126
24147
24148
24158
24183
24199
24220
24264
24364
24377
24403
24424
24547
24558
24575
24579
24581
24611
24637
24658
24765
24790
24811
24875
24912
24932
24948
24958
25008
25047
25059
25121
25131
25265
25295
25323
25387
25388
25402
25426
25483
25486
25608
25612
25701
25754
25794
25806
25818
25958
25967
25971
26019
26095
26099
26141
26169
26270
26283
26297
26298
26298
26326
26399
26488
26497
26516
26593
26593
26623
26634
26647
26652
26654
26681
26686
26698
26702
26712
26751
26756
26957
26970
27094
27284
27357
27378
27530
27551
27561
27578
27624
27701
27729
27750
27778
27805
27812
27853
27865
27893
27943
27974
27996
28021
28057
28093
28140
28168
28239
28251
28399
28412
28417
28479
28540
28577
28601
28684
28695
28726
28729
28732
28782
28832
28843
28845
28855
28881
28934
28942
28980
29063
29073
29091
29104
29123
29152
29170
29187
29218
29308
29354
29409
29419
29433
29438
29442
29444
29501
29544
29569
29580
29616
29653
29760
29789
29838
29867
29886
29889
29917
29951
29957
30019
30053
30066
30119
30126
30173
30176
30178
30183
30201
30212
30233
30234
30325
30394
30463
30467
30477
30523
30541
30547
30644
30758
30776
30810
30860
30907
30956
31008
31025
31072
31123
31170
31186
31262
31278
31301
31310
31310
31343
31351
31428
31435
31440
31549
31591
31620
31699
31721
31764
31803
31826
31861
31862
31960
32014
32024
32033
32041
32046
32058
32061
32122
32130
32132
32138
32162
32168
32175
32198
32202
32216
32248
32248
32279
32318
32346
32346
32375
32440
32457
32461
32476
32493
32498
32515
32536
32541
32594
32727
32732
32797
32878
32902
32912
32946
32982
33068
33082
33085
33091
33125
33155
33215
33241
33433
33435
33483
33560
33650
33781
33909
33923
33953
33963
33987
34012
34069
34078
34081
34133
34134
34139
34181
34189
34273
34342
34352
34359
34461
34465
34522
34549
34550
34625
34651
34670
34673
34676
34705
34705
34743
34758
34779
34782
34869
34887
34897
34933
34940
34975
34976
35027
35038
35044
35049
35064
35069
35100
35123
35129
35136
35175
35334
35394
35412
35460
35498
35514
35573
35579
35619
35636
35638
35679
35705
35716
35720
35728
35752
35774
35788
35793
35799
35815
35839
35850
35908
35911
35986
35995
35998
36016
36025
36073
36139
36145
36149
36170
36205
36214
36249
36340
36374
36376
36386
36412
36413
36460
36464
36481
36518
36529
36593
36647
36701
36716
36837
36851
36885
36915
36948
36948
36951
36996
36997
37043
37049
37102
37120
37177
37228
37231
37237
37237
37241
37271
37403
37433
37467
37523
37526
37608
37630
37684
37721
37748
37748
37753
37778
37783
37790
37790
37821
37843
37848
37863
37873
37947
38006
38132
38158
38214
38222
38227
38275
38406
38418
38471
38484
38500
38507
38607
38638
38660
38706
38759
38881
38894
38925
38941
38943
38950
39033
39044
39068
39114
39128
39138
39148
39171
39273
39309
39334
39341
39372
39383
39417
39423
39489
39504
39526
39580
39586
39634
39643
39659
39695
39723
39754
39754
39775
39866
39877
39900
39903
39922
40066
40097
40130
40159
40203
40292
40300
40310
40322
40370
40375
40391
40445
40462
40495
40500
40501
40511
40526
40541
40565
40610
40630
40654
40665
40690
40697
40749
40768
40783
40817
40873
40916
40951
40954
40975
41006
41050
41055
41057
41066
41083
41094
41111
41130
41136
41220
41229
41258
41329
41341
41349
41422
41472
41541
41580
41604
41629
41759
41761
41838
41845
41911
41968
41981
41993
42028
42086
42136
42199
42199
42252
42325
42343
42420
42425
42447
42462
42552
42587
42624
42718
42785
42891
42892
42958
42971
42994
42996
43009
43016
43023
43039
43137
43188
43229
43234
43261
43267
43299
43316
43331
43338
43418
43421
43430
43501
43522
43569
43583
43608
43608
43611
43616
43791
43797
43802
43887
43889
43953
43972
44012
44031
44037
44043
44086
44106
44113
44129
44140
44195
44208
44229
44236
44238
44272
44281
44361
44365
44374
44381
44383
44431
44433
44544
44568
44591
44600
44620
44677
44702
44746
44771
44784
44896
44915
44918
44952
44965
44968
45025
45065
45137
45140
45200
45226
45327
45343
45367
45390
45442
45476
45547
45573
45706
45845
45866
45894
45923
45946
45948
46017
46110
46141
46229
46247
46268
46284
46355
46359
46420
46451
46460
46461
46498
46499
46515
46570
46588
46692
46721
46784
46879
46879
46893
46905
47004
47024
47030
47053
47069
47101
47105
47149
47160
47180
47223
47272
47299
47381
47418
47422
47425
47436
47472
47475
47484
47503
47531
47532
47552
47574
47592
47598
47655
47679
47687
47762
47776
47796
47805
47961
48057
48064
48065
48081
48095
48135
48142
48172
48186
48192
48195
48217
48231
48242
48260
48282
48309
48327
48358
48371
48378
48392
48454
48462
48474
48482
48582
48624
48636
48650
48695
48698
48716
48745
48767
48787
48809
48840
48854
48859
48870
48913
48983
48990
48995
49017
49022
49056
49062
49068
49081
49120
49132
49134
49167
49169
49221
49223
49237
49311
49315
49374
49406
49412
49470
49494
49516
49517
49529
49532
49580
49650
49672
49674
49843
49858
49903
49921
49946
49947
49970
49978
50049
50086
50107
50107
50154
50189
50206
50208
50237
50237
50242
50254
50270
50270
50286
50306
50352
50501
50525
50561
50597
50622
50863
50865
50916
50943
50963
50969
50987
50999
51007
51076
51122
51175
51182
51217
51243
51265
51296
51308
51347
51460
51497
51510
51519
51520
51521
51527
51533
51534
51588
51691
51789
51816
51849
51865
51873
51916
51920
51945
52075
52155
52157
52203
52275
52288
52304
52326
52327
52343
52344
52349
52352
52374
52378
52440
52450
52522
52621
52678
52684
52700
52757
52792
52833
52871
52922
52989
52992
53000
53056
53066
53071
53092
53112
53133
53166
53249
53272
53309
53368
53375
53386
53536
53673
53679
53685
53719
53769
53811
53892
53900
53927
53929
53940
53967
53980
53990
54016
54032
54051
54082
54092
54114
54126
54243
54296
54311
54317
54363
54397
54397
54410
54445
54446
54477
54563
54582
54617
54638
54683
54693
54714
54764
54790
54880
54886
54933
54983
55044
55060
55065
55090
55098
55099
55131
55144
55159
55237
55250
55267
55339
55396
55445
55458
55502
55512
55517
55529
55578
55618
55631
55651
55681
55682
55690
55738
55793
55802
55829
55835
55835
56041
56060
56085
56152
56187
56212
56269
56273
56311
56420
56437
56460
56463
56479
56546
56575
56593
56617
56618
56689
56738
56744
56767
56776
56811
56860
56916
56955
56968
57014
57036
57039
57056
57075
57106
57118
57141
57162
57187
57188
57198
57233
57282
57297
57349
57362
57377
57404
57428
57439
57471
57506
57604
57658
57676
57692
57707
57740
57747
57775
57804
57805
57816
57840
57844
58017
58073
58132
58179
58189
58228
58240
58325
58380
58404
58410
58428
58441
58452
58485
58486
58514
58655
58707
58733
58769
58788
58798
58807
58905
58922
58976
58996
58998
59011
59098
59130
59182
59216
59236
59290
59298
59366
59394
59416
59528
59530
59538
59651
59666
59687
59695
59696
59764
59803
59864
59882
59907
59976
59985
59993
60032
60062
60104
60119
60119
60124
60134
60208
60233
60278
60345
60363
60377
60398
60423
60470
60474
60486
60498
60627
60686
60696
60756
60762
60780
60802
60814
60824
60859
60873
60927
60964
61030
61122
61141
61171
61222
61233
61272
61281
61305
61306
61324
61340
61379
61388
61402
61421
61423
61534
61541
61546
61579
61654
61685
61703
61718
61737
61802
61828
61833
61840
61859
61876
61933
61957
61962
61983
62015
62044
62110
62167
62192
62222
62225
62239
62247
62263
62302
62351
62364
62368
62389
62418
62429
62440
62460
62468
62472
62496
62542
62585
62586
62602
62608
62750
62763
62844
62855
62921
62933
62934
62944
62970
62993
62994
63030
63071
63073
63075
63091
63099
63195
63221
63242
63268
63304
63319
63382
63386
63395
63638
63671
63675
63711
63840
63868
63908
63986
64000
64074
64097
64142
64144
64172
64173
64246
64327
64344
64364
64383
64390
64394
64396
64409
64413
64426
64428
64442
64512
64513
64514
64552
64627
64638
64672
64742
64841
64859
64872
64886
64932
64973
64978
65063
65064
65104
65110
65120
65193
65226
65254
65258
65295
65310
65363
65367
65403
65478
65483
