29
970
1307
3040
3373
4223
4502
5148
5714
5918
6574
7226
7688
7839
9469
9687
10768
11328
12402
13673
13738
13767
13877
15203
15644
16033
17086
17774
18127
18398
18554
19071
19260
19534
20161
20408
20766
21143
21609
22227
22263
22436
22908
22945
22956
23292
25612
26095
26099
26488
26681
27551
27853
29409
30053
30776
31170
32198
34461
34549
34933
35911
36386
37049
37237
37608
38941
40159
40565
40749
40916
41341
41759
41845
42447
45948
46017
46570
46588
46721
46879
47024
47472
47796
47961
48057
50086
50987
51122
51182
51296
51510
51865
52155
52343
52621
53071
53900
53980
54363
54397
54880
56738
56811
57162
57658
58228
58486
59528
59651
59695
60423
61171
61281
61306
61340
61534
61685
61840
62608
62921
62993
63242
63382
63671
63711
64344
64396
